ts,agent_id,throttle,steer,brake
5155291,0,0.8999999761581421,0.00393799040466547,0.0
5155292,0,0.8999999761581421,-0.009410292841494083,0.0
5155293,0,0.8999999761581421,-0.0035063778050243855,0.0
5155294,0,0.8999999761581421,0.0018532995600253344,0.0
5155295,0,0.8999999761581421,0.0018450857605785131,0.0
5155296,0,0.8999999761581421,0.0026864137034863234,0.0
5155297,0,0.8999999761581421,0.0029131483752280474,0.0
5155298,0,0.8999999761581421,0.0028922203928232193,0.0
5155299,0,0.8999999761581421,0.0025797230191528797,0.0
5155300,0,0.8999999761581421,0.0029055068735033274,0.0
5155301,0,0.8999999761581421,0.0027510388754308224,0.0
5155302,0,0.8999999761581421,0.002798984758555889,0.0
5155303,0,0.8999999761581421,0.0027672452852129936,0.0
5155304,0,0.8999999761581421,0.0023990676272660494,0.0
5155305,0,0.8999999761581421,0.0021212492138147354,0.0
5155306,0,0.8999999761581421,0.001957725500687957,0.0
5155307,0,0.8999999761581421,0.0017324709333479404,0.0
5155308,0,0.8999999761581421,0.0016157994978129864,0.0
5155309,0,0.8999999761581421,0.0014347605174407363,0.0
5155310,0,0.8999999761581421,0.0011369395069777966,0.0
5155311,0,0.8999999761581421,0.0012904005125164986,0.0
5155312,0,0.8999999761581421,0.0011879273224622011,0.0
5155313,0,0.8999999761581421,0.001167541486211121,0.0
5155314,0,0.8999999761581421,0.0009509656229056418,0.0
5155315,0,0.8999999761581421,0.0011030577588826418,0.0
5155316,0,0.8999999761581421,0.000932484632357955,0.0
5155317,0,0.8999999761581421,0.0007795433630235493,0.0
5155318,0,0.8999999761581421,0.0010995841585099697,0.0
5155319,0,0.8999999761581421,0.0009621460339985788,0.0
5155320,0,0.8999999761581421,0.000965223356615752,0.0
5155321,0,0.8999999761581421,0.0009726890712045133,0.0
5155322,0,0.8999999761581421,0.0008840668597258627,0.0
5155323,0,0.8999999761581421,0.0012575823348015547,0.0
5155324,0,0.8999999761581421,0.0007099329959601164,0.0
5155325,0,0.8999999761581421,0.0010871496051549911,0.0
5155326,0,0.8999999761581421,0.0015764482086524367,0.0
5155327,0,0.8999999761581421,0.0014843168901279569,0.0
5155328,0,0.8999999761581421,0.0012580066686496139,0.0
5155329,0,0.8999999761581421,0.0014483962440863252,0.0
5155330,0,0.8999999761581421,0.0010290860664099455,0.0
5155331,0,0.8999999761581421,0.0014936201041564345,0.0
5155332,0,0.8999999761581421,0.0011614537797868252,0.0
5155333,0,0.8999999761581421,0.0009812761563807726,0.0
5155334,0,0.8999999761581421,0.0015155378496274352,0.0
5155335,0,0.8999999761581421,0.001366406329907477,0.0
5155336,0,0.8999999761581421,0.0012886887416243553,0.0
5155337,0,0.8999999761581421,0.0012841880088672042,0.0
5155338,0,0.8999999761581421,0.0013638364616781473,0.0
5155339,0,0.8999999761581421,0.0016098911873996258,0.0
5155340,0,0.8999999761581421,0.0013107986887916923,0.0
5155341,0,0.8999999761581421,0.0010516057955101132,0.0
5155342,0,0.8999999761581421,0.0010824511991813779,0.0
5155343,0,0.8999999761581421,0.0012146950466558337,0.0
5155344,0,0.8999999761581421,0.0011466692667454481,0.0
5155345,0,0.8999999761581421,0.0011448123259469867,0.0
5155346,0,0.8999999761581421,0.0011511500924825668,0.0
5155347,0,0.8999999761581421,0.0014673537807539105,0.0
5155348,0,0.8999999761581421,0.0011273127747699618,0.0
5155349,0,0.8999999761581421,0.0006616233731620014,0.0
5155350,0,0.8999999761581421,0.0012679933570325375,0.0
5155351,0,0.8999999761581421,0.0013023150386288762,0.0
5155352,0,0.8999999761581421,0.0010904567316174507,0.0
5155353,0,0.8999999761581421,0.0013567331479862332,0.0
5155354,0,0.8999999761581421,0.001441650907509029,0.0
5155355,0,0.8999999761581421,0.0017811240395531058,0.0
5155356,0,0.8999999761581421,0.0012187788961455226,0.0
5155357,0,0.8999999761581421,0.001081180525943637,0.0
5155358,0,0.8999999761581421,0.001607938902452588,0.0
5155359,0,0.8999999761581421,0.0013906507520005107,0.0
5155360,0,0.8999999761581421,0.0014206921914592385,0.0
5155361,0,0.8999999761581421,0.0013938252814114094,0.0
5155362,0,0.8999999761581421,0.001299506053328514,0.0
5155363,0,0.8999999761581421,0.001494725700467825,0.0
5155364,0,0.8999999761581421,0.0015686553670093417,0.0
5155365,0,0.8999999761581421,0.0012025529285892844,0.0
5155366,0,0.8999999761581421,0.0016117851482704282,0.0
5155367,0,0.8999999761581421,0.0016756958793848753,0.0
5155368,0,0.8999999761581421,0.001682925852946937,0.0
5155369,0,0.8999999761581421,0.0016497268807142973,0.0
5155370,0,0.8999999761581421,0.001329053775407374,0.0
5155371,0,0.8999999761581421,0.0015981674659997225,0.0
5155372,0,0.8999999761581421,0.0014526688028126955,0.0
5155373,0,0.8999999761581421,0.0013842175249010324,0.0
5155374,0,0.8999999761581421,0.0015721373492851853,0.0
5155375,0,0.8999999761581421,0.0017979092663154006,0.0
5155376,0,0.8999999761581421,0.0015365335857495666,0.0
5155377,0,0.8999999761581421,0.0015234025195240974,0.0
5155378,0,0.8999999761581421,0.0013576466590166092,0.0
5155379,0,0.8999999761581421,0.0015479741850867867,0.0
5155380,0,0.8999999761581421,0.0014701512409374118,0.0
5155381,0,0.8999999761581421,0.0013841406907886267,0.0
5155382,0,0.8999999761581421,0.0016266152961179614,0.0
5155383,0,0.8999999761581421,0.0016692228382453322,0.0
5155384,0,0.8999999761581421,0.0015061050653457642,0.0
5155385,0,0.8999999761581421,0.0019266740418970585,0.0
5155386,0,0.8999999761581421,0.0015995121793821454,0.0
5155387,0,0.8999999761581421,0.001719773281365633,0.0
5155388,0,0.8999999761581421,0.001870252308435738,0.0
5155389,0,0.8999999761581421,0.002007219009101391,0.0
5155390,0,0.8999999761581421,0.002756298752501607,0.0
5155391,0,0.8999999761581421,0.0028546107932925224,0.0
5155392,0,0.8999999761581421,0.00253449403680861,0.0
5155393,0,0.8999999761581421,0.0024900620337575674,0.0
5155394,0,0.8999999761581421,0.0024839078541845083,0.0
5155395,0,0.8999999761581421,0.0019886777736246586,0.0
5155396,0,0.8999999761581421,0.0022674633655697107,0.0
5155397,0,0.8999999761581421,0.001972261117771268,0.0
5155398,0,0.8999999761581421,0.0013201076071709394,0.0
5155399,0,0.8999999761581421,0.00120073021389544,0.0
5155400,0,0.8999999761581421,0.0015970120439305902,0.0
5155401,0,0.8999999761581421,0.0011970347259193659,0.0
5155402,0,0.8999999761581421,0.0016831464599817991,0.0
5155403,0,0.8999999761581421,0.002995328279212117,0.0
5155404,0,0.8999999761581421,0.0029714154079556465,0.0
5155405,0,0.8999999761581421,0.0032695417758077383,0.0
5155406,0,0.8999999761581421,0.001687317155301571,0.0
5155407,0,0.8999999761581421,0.001984232570976019,0.0
5155408,0,0.8999999761581421,0.001959387678653002,0.0
5155409,0,0.8999999761581421,0.001440476975403726,0.0
5155410,0,0.8999999761581421,0.001207180437631905,0.0
5155411,0,0.8999999761581421,0.001424805959686637,0.0
5155412,0,0.8999999761581421,0.0009714478510431945,0.0
5155413,0,0.8999999761581421,0.0003519624879118055,0.0
5155414,0,0.8999999761581421,0.00033009593607857823,0.0
5155415,0,0.8999999761581421,0.0006425500614568591,0.0
5155416,0,0.8999999761581421,0.0005123766022734344,0.0
5155417,0,0.8999999761581421,0.0013543169479817152,0.0
5155418,0,0.8999999761581421,0.0016386178322136402,0.0
5155419,0,0.8999999761581421,0.0013284903252497315,0.0
5155420,0,0.8999999761581421,0.0006509597296826541,0.0
5155421,0,0.8999999761581421,0.000990569475106895,0.0
5155422,0,0.8999999761581421,0.0008566380711272359,0.0
5155423,0,0.8999999761581421,0.0009567444212734699,0.0
5155424,0,0.8999999761581421,0.00040685301064513624,0.0
5155425,0,0.8999999761581421,-0.0003786187444347888,0.0
5155426,0,0.8999999761581421,-0.0006851078360341489,0.0
5155427,0,0.8999999761581421,-0.0008172762463800609,0.0
5155428,0,0.8999999761581421,-0.000268854753812775,0.0
5155429,0,0.8999999761581421,-0.0006431277724914253,0.0
5155430,0,0.8999999761581421,-0.0005469629541039467,0.0
5155431,0,0.8999999761581421,-0.0013160152593627572,0.0
5155432,0,0.8999999761581421,-0.0009752883925102651,0.0
5155433,0,0.8999999761581421,-0.001912044594064355,0.0
5155434,0,0.8999999761581421,-0.0005152125377207994,0.0
5155435,0,0.8999999761581421,0.00026149378390982747,0.0
5155436,0,0.8999999761581421,0.0019290773198008537,0.0
5155437,0,0.8999999761581421,0.003313246415928006,0.0
5155438,0,0.8999999761581421,0.0036171884275972843,0.0
5155439,0,0.8999999761581421,0.003514692885801196,0.0
5155440,0,0.8999999761581421,0.005659033544361591,0.0
5155441,0,0.8999999761581421,0.005734934005886316,0.0
5155442,0,0.8999999761581421,0.005978403612971306,0.0
5155443,0,0.8999999761581421,0.0054933661594986916,0.0
5155444,0,0.8999999761581421,0.004687882028520107,0.0
5155445,0,0.8999999761581421,0.004947094712406397,0.0
5155446,0,0.8999999761581421,0.0035674036480486393,0.0
5155447,0,0.8999999761581421,0.002437879564240575,0.0
5155448,0,0.8999999761581421,0.0010674732038751245,0.0
5155449,0,0.8999999761581421,0.0007210972253233194,0.0
5155450,0,0.8999999761581421,0.0012013748055323958,0.0
5155451,0,0.8999999761581421,2.8992728402954526e-05,0.0
5155452,0,0.8999999761581421,-9.640527423471212e-05,0.0
5155453,0,0.8999999761581421,0.0006466353661380708,0.0
5155454,0,0.8999999761581421,-0.000472495419671759,0.0
5155455,0,0.8999999761581421,-0.001691671321168542,0.0
5155456,0,0.8999999761581421,-0.003985704388469458,0.0
5155457,0,0.8999999761581421,-0.0037760429549962282,0.0
5155458,0,0.8999999761581421,-0.0035323903430253267,0.0
5155459,0,0.8999999761581421,-0.004430974368005991,0.0
5155460,0,0.8999999761581421,-0.0037736950907856226,0.0
5155461,0,0.8088445663452148,-0.0033155190758407116,0.0
5155462,0,0.7158471345901489,-0.003340083407238126,0.0
5155463,0,0.612379789352417,-0.003347157035022974,0.0
5155464,0,0.6305424571037292,-0.0037604288663715124,0.0
5155465,0,0.6164551377296448,-0.002426013583317399,0.0
5155466,0,0.5219073295593262,-0.0027768390718847513,0.0
5155467,0,0.4463651776313782,-0.00199240748770535,0.0
5155468,0,0.39663830399513245,-0.0014401795342564583,0.0
5155469,0,0.41916391253471375,-0.0018673524027690291,0.0
5155470,0,0.4022773504257202,-0.0013884593499824405,0.0
5155471,0,0.3807329833507538,-5.998187043587677e-05,0.0
5155472,0,0.3483208119869232,0.001656587002798915,0.0
5155473,0,0.3672322630882263,0.00036002922570332885,0.0
5155474,0,0.3786606192588806,0.0016619828529655933,0.0
5155475,0,0.49227192997932434,0.0010567213175818324,0.0
5155476,0,0.38587844371795654,0.0008366740075871348,0.0
5155477,0,0.34265029430389404,0.0016659542452543974,0.0
5155478,0,0.42754602432250977,0.0013537919148802757,0.0
5155479,0,0.39568549394607544,0.0008631537784822285,0.0
5155480,0,0.3157459497451782,0.0013016547309234738,0.0
5155481,0,0.3192034661769867,0.00026793123106472194,0.0
5155482,0,0.30833005905151367,0.0002102232538163662,0.0
5155483,0,0.4144064486026764,-0.001959074754267931,0.0
5155484,0,0.3616024851799011,-0.002114252420142293,0.0
5155485,0,0.3553156852722168,-0.001315241097472608,0.0
5155486,0,0.34139880537986755,-0.0010983712272718549,0.0
5155487,0,0.3647702932357788,-0.0006435247487388551,0.0
5155488,0,0.31879329681396484,-0.0010646842420101166,0.0
5155489,0,0.21928024291992188,-0.001762958592735231,0.0
5155490,0,0.17860086262226105,-0.0024054774548858404,0.0
5155491,0,0.2329132854938507,-0.0028769324999302626,0.0
5155492,0,0.23061969876289368,-0.0033695201855152845,0.0
5155493,0,0.17745113372802734,-0.0017093828646466136,0.0
5155494,0,0.12271495908498764,-0.0024793772026896477,0.0
5155495,0,0.10719776153564453,-0.002504789736121893,0.0
5155496,0,0.10134384036064148,-0.0034447447396814823,0.0
5155497,0,0.1764412671327591,-0.0026226744521409273,0.0
5155498,0,0.08917196840047836,-0.003934755455702543,0.0
5155499,0,0.17453473806381226,-0.0047505260445177555,0.0
5155500,0,0.06318212300539017,-0.005615854170173407,0.0
5155501,0,0.06801532208919525,-0.0056023262441158295,0.0
5155502,0,0.164794921875,-0.00651595089584589,0.0
5155503,0,0.06230327486991882,-0.008710323832929134,0.0
5155504,0,0.22632519900798798,-0.0076342192478477955,0.0
5155505,0,0.29524415731430054,-0.004792228806763887,0.0
5155506,0,0.4663172662258148,0.0004751221858896315,0.0
5155507,0,0.33580493927001953,0.0015582265332341194,0.0
5155508,0,0.30565083026885986,0.002762414515018463,0.0
5155509,0,0.42594850063323975,0.0031600836664438248,0.0
5155510,0,0.513726532459259,0.002639247803017497,0.0
5155511,0,0.39859744906425476,0.005076871253550053,0.0
5155512,0,0.5386653542518616,0.0023674231488257647,0.0
5155513,0,0.6790213584899902,0.0019400070887058973,0.0
5155514,0,0.6887909173965454,0.0012520633172243834,0.0
5155515,0,0.8607200980186462,0.0011871765600517392,0.0
5155516,0,0.8999999761581421,0.0009688040008768439,0.0
5155517,0,0.8999999761581421,0.0009884578175842762,0.0
5155518,0,0.8999999761581421,0.00095378328114748,0.0
5155519,0,0.8999999761581421,0.0007892411667853594,0.0
5155520,0,0.8999999761581421,0.0006512599647976458,0.0
5155521,0,0.8999999761581421,-3.34124342771247e-05,0.0
5155522,0,0.8999999761581421,-0.0008080839761532843,0.0
5155523,0,0.8999999761581421,-2.2745954993297346e-05,0.0
5155524,0,0.8999999761581421,0.0001940371294040233,0.0
5155525,0,0.8999999761581421,-0.0014827230479568243,0.0
5155526,0,0.8999999761581421,-0.002711670473217964,0.0
5155527,0,0.8999999761581421,-0.002493814565241337,0.0
5155528,0,0.8999999761581421,-0.003513005329295993,0.0
5155529,0,0.8999999761581421,-0.003730728989467025,0.0
5155530,0,0.8999999761581421,-0.0038807326927781105,0.0
5155531,0,0.8999999761581421,-0.0038511010352522135,0.0
5155532,0,0.8999999761581421,-0.003331051906570792,0.0
5155533,0,0.8999999761581421,-0.002228650962933898,0.0
5155534,0,0.8999999761581421,-0.002093337709084153,0.0
5155535,0,0.8999999761581421,-0.0015276017365977168,0.0
5155536,0,0.8999999761581421,-0.0027280542999505997,0.0
5155537,0,0.8999999761581421,-0.004291438963264227,0.0
5155538,0,0.8999999761581421,-0.003463443834334612,0.0
5155539,0,0.8999999761581421,-0.0033999443985521793,0.0
5155540,0,0.8999999761581421,-0.002187067875638604,0.0
5155541,0,0.8999999761581421,-0.0016308585181832314,0.0
5155542,0,0.8999999761581421,-0.0006397824035957456,0.0
5155543,0,0.8999999761581421,-0.0013842943590134382,0.0
5155544,0,0.8999999761581421,-0.0003933207190129906,0.0
5155545,0,0.8999999761581421,-0.0012232598382979631,0.0
5155546,0,0.8999999761581421,-2.3599728592671454e-05,0.0
5155547,0,0.8999999761581421,-0.00029761981568299234,0.0
5155548,0,0.8999999761581421,0.0010387692600488663,0.0
5155549,0,0.8999999761581421,0.0016199472593143582,0.0
5155550,0,0.8999999761581421,0.0018911670194938779,0.0
5155551,0,0.8999999761581421,0.001668905490078032,0.0
5155552,0,0.8999999761581421,0.0014339953195303679,0.0
5155553,0,0.8999999761581421,0.0013511395081877708,0.0
5155554,0,0.8999999761581421,0.001455301302485168,0.0
5155555,0,0.8999999761581421,0.0007460957276634872,0.0
5155556,0,0.8999999761581421,0.0013889801921322942,0.0
5155557,0,0.8999999761581421,0.001208476722240448,0.0
5155558,0,0.8999999761581421,0.0007461995701305568,0.0
5155559,0,0.8999999761581421,0.0005465545691549778,0.0
5155560,0,0.8999999761581421,-0.0001518123463029042,0.0
5155561,0,0.8999999761581421,-0.0006996020674705505,0.0
5155562,0,0.8999999761581421,-0.0013873366406187415,0.0
5155563,0,0.8999999761581421,-0.001693135593086481,0.0
5155564,0,0.8999999761581421,-0.0018341306131333113,0.0
5155565,0,0.8999999761581421,-0.0012541906908154488,0.0
5155566,0,0.8999999761581421,-0.0015129437670111656,0.0
5155567,0,0.8999999761581421,-0.0023209438659250736,0.0
5155568,0,0.8847121596336365,-0.0013255305821076035,0.0
5155569,0,0.8330298066139221,-0.0010730796493589878,0.0
5155570,0,0.7934178709983826,-0.0007737394771538675,0.0
5155571,0,0.7842345833778381,-0.0012057787971571088,0.0
5155572,0,0.6938643455505371,-0.0014021055540069938,0.0
5155573,0,0.7172432541847229,-0.0008212505490519106,0.0
5155574,0,0.6694329977035522,-0.0004987375577911735,0.0
5155575,0,0.6081676483154297,-0.00016805964696686715,0.0
5155576,0,0.5950718522071838,0.0001985977141885087,0.0
5155577,0,0.5425928831100464,0.0011058247182518244,0.0
5155578,0,0.4838998019695282,0.0018714888719841838,0.0
5155579,0,0.47582218050956726,0.0027568608056753874,0.0
5155580,0,0.42123252153396606,0.0030439505353569984,0.0
5155581,0,0.4241243004798889,0.0026413635350763798,0.0
5155582,0,0.3782447874546051,0.002419627271592617,0.0
5155583,0,0.34613126516342163,0.0031976497266441584,0.0
5155584,0,0.3566538989543915,0.002575657330453396,0.0
5155585,0,0.3438689112663269,0.003123838221654296,0.0
5155586,0,0.3354339003562927,0.0022553824819624424,0.0
5155587,0,0.2655787467956543,0.002636512741446495,0.0
5155588,0,0.22140111029148102,0.0020183108281344175,0.0
5155589,0,0.21279016137123108,0.002189277671277523,0.0
5155590,0,0.2002415955066681,0.001924078562296927,0.0
5155591,0,0.1883738785982132,0.002334045013412833,0.0
5155592,0,0.17680975794792175,0.0014230386586859822,0.0
5155593,0,0.18368232250213623,0.0007310977671295404,0.0
5155594,0,0.215640127658844,0.00017776848108042032,0.0
5155595,0,0.2005108743906021,-0.0009155399166047573,0.0
5155596,0,0.2644602954387665,-0.0006128344684839249,0.0
5155597,0,0.2591913044452667,-0.0009764410206116736,0.0
5155598,0,0.29821833968162537,-0.00029422889929264784,0.0
5155599,0,0.2839917838573456,0.00033607520163059235,0.0
5155600,0,0.2743549942970276,0.0010354523546993732,0.0
5155601,0,0.36472824215888977,0.00038730871165171266,0.0
5155602,0,0.39075690507888794,0.0018141893669962883,0.0
5155603,0,0.4077528119087219,0.0013885590014979243,0.0
5155604,0,0.3731975853443146,0.0018634179141372442,0.0
5155605,0,0.41114163398742676,0.0023174916859716177,0.0
5155606,0,0.43596914410591125,0.0014731978299096227,0.0
5155607,0,0.417431503534317,0.00048099757987074554,0.0
5155608,0,0.414092481136322,0.0013470740523189306,0.0
5155609,0,0.45545873045921326,0.000834761536680162,0.0
5155610,0,0.4462016522884369,-6.388361362041906e-05,0.0
5155611,0,0.44265562295913696,-0.0018396716332063079,0.0
5155612,0,0.4405687153339386,-0.00176501483656466,0.0
5155613,0,0.43696874380111694,-0.0007965779514051974,0.0
5155614,0,0.4525983929634094,-0.0014374147867783904,0.0
5155615,0,0.4573161005973816,-0.0015843206783756614,0.0
5155616,0,0.4320022463798523,-0.0006908465875312686,0.0
5155617,0,0.4459809958934784,7.885880040703341e-05,0.0
5155618,0,0.4589901268482208,8.28046613605693e-05,0.0
5155619,0,0.46566930413246155,0.00044843892101198435,0.0
5155620,0,0.4733916223049164,0.00010425999062135816,0.0
5155621,0,0.47438958287239075,-8.603334572399035e-05,0.0
5155622,0,0.47652241587638855,0.0014844192191958427,0.0
5155623,0,0.5076168775558472,0.0009831431088969111,0.0
5155624,0,0.5199280977249146,0.001099838293157518,0.0
5155625,0,0.5063676238059998,0.0008246386423707008,0.0
5155626,0,0.5200101733207703,0.0007251768256537616,0.0
5155627,0,0.527570903301239,-9.018411219585687e-05,0.0
5155628,0,0.4999538064002991,0.00010848332021851093,0.0
5155629,0,0.500335693359375,0.0005895961658097804,0.0
5155630,0,0.49888139963150024,-0.00010249125625705346,0.0
5155631,0,0.504429817199707,-8.97629142855294e-05,0.0
5155632,0,0.5314310789108276,-0.0003012398083228618,0.0
5155633,0,0.5352738499641418,0.00047724382602609694,0.0
5155634,0,0.5650384426116943,0.0008918619132600725,0.0
5155635,0,0.5517467856407166,0.0009902564343065023,0.0
5155636,0,0.5457066893577576,0.002156337723135948,0.0
5155637,0,0.5463969111442566,0.003048975020647049,0.0
5155638,0,0.5477084517478943,0.0032298883888870478,0.0
5155639,0,0.547084391117096,0.0044306982308626175,0.0
5155640,0,0.5563220977783203,0.003051732899621129,0.0
5155641,0,0.5536500215530396,0.0033157863654196262,0.0
5155642,0,0.505461573600769,0.002713301219046116,0.0
5155643,0,0.5054192543029785,0.0032391988206654787,0.0
5155644,0,0.5047971606254578,0.003211979055777192,0.0
5155645,0,0.48253577947616577,-0.0008431413443759084,0.0
5155646,0,0.5031976699829102,-0.0007802679901942611,0.0
5155647,0,0.4909304976463318,0.0008893944905139506,0.0
5155648,0,0.4871886670589447,0.0003089380043093115,0.0
5155649,0,0.5018855929374695,0.0010096670594066381,0.0
5155650,0,0.4936106503009796,0.0006176568567752838,0.0
5155651,0,0.47833314538002014,-0.0016136179910972714,0.0
5155652,0,0.48798447847366333,-0.001689092954620719,0.0
5155653,0,0.49984976649284363,0.0001871984131867066,0.0
5155654,0,0.46363234519958496,0.0007285777246579528,0.0
5155655,0,0.4679967164993286,0.0008501308620907366,0.0
5155656,0,0.4761255979537964,0.0004523107782006264,0.0
5155657,0,0.44865912199020386,-0.0006456563714891672,0.0
5155658,0,0.4721244275569916,-0.0005178748979233205,0.0
5155659,0,0.4742773175239563,-0.0006688975263386965,0.0
5155660,0,0.4720194935798645,-0.0013520061038434505,0.0
5155661,0,0.4698052704334259,-0.0004761751915793866,0.0
5155662,0,0.47293344140052795,-0.0007736242259852588,0.0
5155663,0,0.46551036834716797,-0.0010474123992025852,0.0
5155664,0,0.4750118553638458,-0.0005832469323650002,0.0
5155665,0,0.48353999853134155,-0.0005235084099695086,0.0
5155666,0,0.48503851890563965,0.00011266824003541842,0.0
5155667,0,0.46793729066848755,-0.0007730607176199555,0.0
5155668,0,0.4573967456817627,-8.645454363431782e-05,0.0
5155669,0,0.43863552808761597,-0.0001697174011496827,0.0
5155670,0,0.4299670159816742,0.00010878925968427211,0.0
5155671,0,0.42305120825767517,0.00012703012907877564,0.0
5155672,0,0.4241023063659668,0.000822343397885561,0.0
5155673,0,0.39667290449142456,0.0006030715303495526,0.0
5155674,0,0.39363154768943787,0.0018340309616178274,0.0
5155675,0,0.3690207302570343,-0.00033719363273121417,0.0
5155676,0,0.36179789900779724,-0.00017094826034735888,0.0
5155677,0,0.40089645981788635,0.0006370432092808187,0.0
5155678,0,0.4119689166545868,0.002020412590354681,0.0
5155679,0,0.41476327180862427,0.0008141471771523356,0.0
5155680,0,0.3882463276386261,3.490795643301681e-05,0.0
5155681,0,0.3751564621925354,0.000308290560496971,0.0
5155682,0,0.41793695092201233,-0.00041120158857665956,0.0
5155683,0,0.4185571074485779,-0.0012512991670519114,0.0
5155684,0,0.4074787199497223,-0.001479396247304976,0.0
5155685,0,0.40511247515678406,-0.0023012144956737757,0.0
5155686,0,0.4196813702583313,-0.0016346734482795,0.0
5155687,0,0.4059923589229584,-0.001128778443671763,0.0
5155688,0,0.4360918700695038,-0.0008045137510634959,0.0
5155689,0,0.41079872846603394,-0.0018304864643141627,0.0
5155690,0,0.396293044090271,-0.001297139679081738,0.0
5155691,0,0.40185660123825073,-0.000575012294575572,0.0
5155692,0,0.39674636721611023,-0.001004144549369812,0.0
5155693,0,0.42111968994140625,-0.002031988464295864,0.0
5155694,0,0.4571801722049713,-0.0012936947168782353,0.0
5155695,0,0.49005022644996643,-0.0008021886460483074,0.0
5155696,0,0.49538514018058777,0.00100261764600873,0.0
5155697,0,0.4697369933128357,0.0015468784840777516,0.0
5155698,0,0.43886178731918335,-0.0008706769440323114,0.0
5155699,0,0.33477210998535156,0.0002680763718672097,0.0
5155700,0,0.2567140758037567,-0.0005868199514225125,0.0
5155701,0,0.26837313175201416,0.0012479908764362335,0.0
5155702,0,0.27330443263053894,0.0011100196279585361,0.0
5155703,0,0.24174436926841736,0.0007506620022468269,0.0
5155704,0,0.257842481136322,0.0015597078017890453,0.0
5155705,0,0.18978269398212433,0.0013432634295895696,0.0
5155706,0,0.11221452802419662,0.0016673801001161337,0.0
5155707,0,0.1170215830206871,0.0022291175555437803,0.0
5155708,0,0.11334218084812164,0.0027784383855760098,0.0
5155709,0,0.0,0.0027090124785900116,1.0
5155710,0,0.0,0.004500720649957657,1.0
5155711,0,0.0,0.005102300550788641,1.0
5155712,0,0.0,0.005500830709934235,1.0
5155713,0,0.0,0.005467899609357119,1.0
5155714,0,0.0,0.0036805213894695044,1.0
5155715,0,0.0,0.004376355558633804,1.0
5155716,0,0.0,0.005605028476566076,1.0
5155717,0,0.0,0.005069128703325987,1.0
5155718,0,0.08220631629228592,0.0029131753835827112,0.0
5155719,0,0.07886981219053268,0.003169388510286808,0.0
5155720,0,0.0,0.0006943541811779141,1.0
5155721,0,0.07289347052574158,0.0015119534218683839,0.0
5155722,0,0.06951398402452469,0.0006448552594520152,0.0
5155723,0,0.0,0.0007514858734793961,1.0
5155724,0,0.0,0.004902576096355915,1.0
5155725,0,0.0,0.0027898363769054413,1.0
5155726,0,0.0,0.002079862402752042,1.0
5155727,0,0.0,0.003412197344005108,1.0
5155728,0,0.0,0.004038727842271328,1.0
5155729,0,0.0,0.002496973378583789,1.0
5155730,0,0.0,-0.0009479847503826022,1.0
5155731,0,0.0,-0.0012144375359639525,1.0
5155732,0,0.0,0.0010122795356437564,1.0
5155733,0,0.0,0.0013916937168687582,1.0
5155734,0,0.0,0.0034418576397001743,1.0
5155735,0,0.0,-0.0011509408941492438,1.0
5155736,0,0.0,0.0020280624739825726,1.0
5155737,0,0.0,0.004821167327463627,1.0
5155738,0,0.0,0.005685041192919016,1.0
5155739,0,0.0,0.006490609142929316,1.0
5155740,0,0.0,0.007353001739829779,1.0
5155741,0,0.0,0.015222182497382164,1.0
5155742,0,0.0,0.012312717735767365,1.0
5155743,0,0.0,0.005352251697331667,1.0
5155744,0,0.0,0.011230054311454296,1.0
5155745,0,0.0,0.011933407746255398,1.0
5155746,0,0.0,0.009810179471969604,1.0
5155747,0,0.0,0.005618113558739424,1.0
5155748,0,0.0,0.004601770080626011,1.0
5155749,0,0.0,0.0049993484281003475,1.0
5155750,0,0.0,0.008839165791869164,1.0
5155751,0,0.0,0.012529569678008556,1.0
5155752,0,0.0,0.010431949980556965,1.0
5155753,0,0.0,0.007031064946204424,1.0
5155754,0,0.0,0.006861394736915827,1.0
5155755,0,0.0,0.006097530480474234,1.0
5155756,0,0.0,0.005914195440709591,1.0
5155757,0,0.0,0.00597858102992177,1.0
5155758,0,0.0,0.0044137523509562016,1.0
5155759,0,0.0,0.003106459742411971,1.0
5155760,0,0.001518049044534564,0.004822620190680027,0.0
5155761,0,0.11960043758153915,0.004284835420548916,0.0
5155762,0,0.2163642793893814,0.0021956453565508127,0.0
5155763,0,0.3082829415798187,0.001362457638606429,0.0
5155764,0,0.3871617913246155,0.0028499988839030266,0.0
5155765,0,0.35034412145614624,0.004327256232500076,0.0
5155766,0,0.36566221714019775,0.003747351933270693,0.0
5155767,0,0.42476555705070496,0.0021479649003595114,0.0
5155768,0,0.349211722612381,0.0036661624908447266,0.0
5155769,0,0.30146950483322144,0.00472428509965539,0.0
5155770,0,0.3436228036880493,0.004884135909378529,0.0
5155771,0,0.3128059506416321,0.004587738309055567,0.0
5155772,0,0.31199008226394653,0.006082519888877869,0.0
5155773,0,0.293756902217865,0.005844178609549999,0.0
5155774,0,0.2481052428483963,0.006956588942557573,0.0
5155775,0,0.24259540438652039,0.007050126791000366,0.0
5155776,0,0.23022252321243286,0.007676183711737394,0.0
5155777,0,0.21378912031650543,0.007770303636789322,0.0
5155778,0,0.22715991735458374,0.007039110641926527,0.0
5155779,0,0.20622935891151428,0.007563215214759111,0.0
5155780,0,0.19971153140068054,0.007686625234782696,0.0
5155781,0,0.1210244819521904,0.007944783195853233,0.0
5155782,0,0.11464186012744904,0.007780436426401138,0.0
5155783,0,0.12281890213489532,0.006743481382727623,0.0
5155784,0,0.14973340928554535,0.0065269386395812035,0.0
5155785,0,0.15376955270767212,0.005637038964778185,0.0
5155786,0,0.18731777369976044,0.005065780598670244,0.0
5155787,0,0.22235865890979767,0.00435120752081275,0.0
5155788,0,0.2674323618412018,0.004399515688419342,0.0
5155789,0,0.2642250657081604,0.006195912137627602,0.0
5155790,0,0.31177669763565063,0.0034914433490484953,0.0
5155791,0,0.39850518107414246,0.0028914865106344223,0.0
5155792,0,0.5528883337974548,0.001430539065040648,0.0
5155793,0,0.7123426795005798,-0.0007107494748197496,0.0
5155794,0,0.7530131340026855,-0.0005221480387263,0.0
5155795,0,0.8804745674133301,-0.004030225798487663,0.0
5155796,0,0.8999999761581421,-0.0019770381040871143,0.0
5155797,0,0.8716669082641602,-0.0046696653589606285,0.0
5155798,0,0.8690661787986755,-0.005900821182876825,0.0
5155799,0,0.775813639163971,-0.006401409860700369,0.0
5155800,0,0.7628059387207031,-0.005884428508579731,0.0
5155801,0,0.8030476570129395,-0.0099374670535326,0.0
5155802,0,0.7781184911727905,-0.008811009116470814,0.0
5155803,0,0.7581323981285095,-0.01264322642236948,0.0
5155804,0,0.6995485424995422,-0.009888370521366596,0.0
5155805,0,0.6151759624481201,-0.012712580151855946,0.0
5155806,0,0.6137251853942871,-0.01713705062866211,0.0
5155807,0,0.5467102527618408,-0.018947815522551537,0.0
5155808,0,0.47734230756759644,-0.019008707255125046,0.0
5155809,0,0.4350314736366272,-0.015886930748820305,0.0
5155810,0,0.3991161286830902,-0.01462013553828001,0.0
5155811,0,0.4408855140209198,-0.011582287959754467,0.0
5155812,0,0.44549795985221863,-0.010809319093823433,0.0
5155813,0,0.5399183630943298,-0.011071063578128815,0.0
5155814,0,0.6624297499656677,-0.01143657136708498,0.0
5155815,0,0.6662408709526062,-0.010356231592595577,0.0
5155816,0,0.768865704536438,-0.007314919028431177,0.0
5155817,0,0.7940905094146729,-0.008761725388467312,0.0
5155818,0,0.8999999761581421,-0.00797679740935564,0.0
5155819,0,0.8999999761581421,-0.004770302213728428,0.0
5155820,0,0.8999999761581421,-0.004682137165218592,0.0
5155821,0,0.8277180194854736,-0.006003414746373892,0.0
5155822,0,0.7551229596138,-0.006314881145954132,0.0
5155823,0,0.6748312711715698,-0.005364411976188421,0.0
5155824,0,0.6052994132041931,-0.0048821778036653996,0.0
5155825,0,0.6153050661087036,-0.005334842950105667,0.0
5155826,0,0.6077438592910767,-0.005153094418346882,0.0
5155827,0,0.6644901633262634,-0.004902281332761049,0.0
5155828,0,0.7088976502418518,-0.002356292912736535,0.0
5155829,0,0.7189212441444397,-6.079579907236621e-05,0.0
5155830,0,0.6273572444915771,0.0006258957437239587,0.0
5155831,0,0.6266149878501892,0.0033627967350184917,0.0
5155832,0,0.5085271596908569,0.0013673099456354976,0.0
5155833,0,0.5308146476745605,0.0029278758447617292,0.0
5155834,0,0.6027020812034607,0.0037252663169056177,0.0
5155835,0,0.5556712746620178,0.0027562815230339766,0.0
5155836,0,0.5746229887008667,0.0009038474527187645,0.0
5155837,0,0.7042801380157471,0.001309284707531333,0.0
5155838,0,0.758468508720398,0.0029052551835775375,0.0
5155839,0,0.5382398366928101,0.000387267442420125,0.0
5155840,0,0.35628601908683777,-0.0013820517342537642,0.0
5155841,0,0.0,0.0029959401581436396,1.0
5155842,0,0.0,-0.00045294399023987353,1.0
5155843,0,0.0,0.0008045464637689292,1.0
5155844,0,0.0,0.0007677844259887934,1.0
5155845,0,0.0,0.004359951708465815,1.0
5155846,0,0.0,0.00693904934450984,1.0
5155847,0,0.0,0.004470380023121834,1.0
5155848,0,0.0,0.004348395857959986,1.0
5155849,0,0.2056037336587906,0.00708095682784915,0.0
5155850,0,0.4034661054611206,0.007215083111077547,0.0
5155851,0,0.5881088972091675,0.010454625822603703,0.0
5155852,0,0.7297206521034241,0.008328567259013653,0.0
5155853,0,0.7453410029411316,0.008381064981222153,0.0
5155854,0,0.8999999761581421,0.01672927476465702,0.0
5155855,0,0.8999999761581421,0.015757817775011063,0.0
5155856,0,0.8999999761581421,0.016047567129135132,0.0
5155857,0,0.8999999761581421,0.018010124564170837,0.0
5155858,0,0.8999999761581421,0.011445620097219944,0.0
5155859,0,0.8999999761581421,0.005698933266103268,0.0
5155860,0,0.8999999761581421,0.003541279584169388,0.0
5155861,0,0.8999999761581421,-0.0021494990214705467,0.0
5155862,0,0.8999999761581421,0.004933969117701054,0.0
5155863,0,0.8999999761581421,0.007698334753513336,0.0
5155864,0,0.8999999761581421,0.009370289742946625,0.0
5155865,0,0.8999999761581421,0.006456403993070126,0.0
5155866,0,0.8999999761581421,0.0093346256762743,0.0
5155867,0,0.8999999761581421,0.012022022157907486,0.0
5155868,0,0.8999999761581421,0.005583816207945347,0.0
5155869,0,0.8999999761581421,0.003257496515288949,0.0
5155870,0,0.8999999761581421,-0.0024316157214343548,0.0
5155871,0,0.8999999761581421,0.003461767453700304,0.0
5155872,0,0.8999999761581421,0.0049897790886461735,0.0
5155873,0,0.8999999761581421,0.0002657313598319888,0.0
5155874,0,0.8999999761581421,0.008168357424438,0.0
5155875,0,0.8999999761581421,0.019428128376603127,0.0
5155876,0,0.8999999761581421,0.016416024416685104,0.0
5155877,0,0.8392860889434814,0.01129934098571539,0.0
5155878,0,0.4132765829563141,0.012793229892849922,0.0
5155879,0,0.8999999761581421,0.018846925348043442,0.0
5155880,0,0.8999999761581421,0.03485305979847908,0.0
5155881,0,0.8999999761581421,0.03780069574713707,0.0
5155882,0,0.7413210868835449,0.03188411146402359,0.0
5155883,0,0.8999999761581421,0.008016552776098251,0.0
5155884,0,0.8999999761581421,0.007099595852196217,0.0
5155885,0,0.8999999761581421,0.00759884575381875,0.0
5155886,0,0.8999999761581421,0.009794076904654503,0.0
5155887,0,0.8999999761581421,0.008451088331639767,0.0
5155888,0,0.8999999761581421,0.0089294807985425,0.0
5155889,0,0.8999999761581421,0.018332647159695625,0.0
5155890,0,0.8999999761581421,0.00831390731036663,0.0
5155891,0,0.8999999761581421,0.009562276303768158,0.0
5155892,0,0.8999999761581421,0.0038190290797501802,0.0
5155893,0,0.7914730310440063,0.0017465092241764069,0.0
5155894,0,0.8999999761581421,0.004858706146478653,0.0
5155895,0,0.5253652334213257,0.004138055723160505,0.0
5155896,0,0.0,-0.0009962542681023479,1.0
5155897,0,0.4414219856262207,-0.0031223641708493233,0.0
5155898,0,0.7268987894058228,-0.0037105330266058445,0.0
5155899,0,0.5247266292572021,-0.005380542483180761,0.0
5155900,0,0.8999999761581421,-0.0031001402530819178,0.0
5155901,0,0.8730466365814209,-0.009172079153358936,0.0
5155902,0,0.8999999761581421,-0.004458423238247633,0.0
5155903,0,0.5689489841461182,-0.004302415996789932,0.0
5155904,0,0.4566110670566559,5.658669397234917e-05,0.0
5155905,0,0.48635923862457275,-0.003535112366080284,0.0
5155906,0,0.3055885136127472,-0.002584991743788123,0.0
5155907,0,0.5027764439582825,-0.0044087632559239864,0.0
5155908,0,0.8974032998085022,-0.0074225300922989845,0.0
5155909,0,0.8999999761581421,-0.010639906860888004,0.0
