ts,agent_id,throttle,steer,brake
1858460,0,0.8999999761581421,0.004442201927304268,0.0
1858461,0,0.8999999761581421,-0.010883023962378502,0.0
1858462,0,0.8999999761581421,0.0024322625249624252,0.0
1858463,0,0.8999999761581421,0.001967938616871834,0.0
1858464,0,0.8999999761581421,0.0017319336766377091,0.0
1858465,0,0.8999999761581421,0.002489549107849598,0.0
1858466,0,0.8999999761581421,0.0028375766705721617,0.0
1858467,0,0.8999999761581421,0.0031363528687506914,0.0
1858468,0,0.8999999761581421,0.0029387520626187325,0.0
1858469,0,0.8999999761581421,0.003096019383519888,0.0
1858470,0,0.8999999761581421,0.0030595571734011173,0.0
1858471,0,0.8999999761581421,0.0030089919455349445,0.0
1858472,0,0.8999999761581421,0.003078858368098736,0.0
1858473,0,0.8999999761581421,0.0026388356927782297,0.0
1858474,0,0.8999999761581421,0.002309046685695648,0.0
1858475,0,0.8999999761581421,0.0022437938023358583,0.0
1858476,0,0.8999999761581421,0.0019304468296468258,0.0
1858477,0,0.8999999761581421,0.001982887974008918,0.0
1858478,0,0.8999999761581421,0.0016071615973487496,0.0
1858479,0,0.8999999761581421,0.0013008811511099339,0.0
1858480,0,0.8999999761581421,0.0015823869034647942,0.0
1858481,0,0.8999999761581421,0.0015236225444823503,0.0
1858482,0,0.8999999761581421,0.0013951859436929226,0.0
1858483,0,0.8999999761581421,0.0012146977242082357,0.0
1858484,0,0.8999999761581421,0.0014663399197161198,0.0
1858485,0,0.8999999761581421,0.0011971829226240516,0.0
1858486,0,0.8999999761581421,0.0009382499265484512,0.0
1858487,0,0.8999999761581421,0.0012670319993048906,0.0
1858488,0,0.8999999761581421,0.0014067657757550478,0.0
1858489,0,0.8999999761581421,0.0012584263458848,0.0
1858490,0,0.8999999761581421,0.0012828465551137924,0.0
1858491,0,0.8999999761581421,0.0013219972606748343,0.0
1858492,0,0.8999999761581421,0.0015139549504965544,0.0
1858493,0,0.8999999761581421,0.0013127811253070831,0.0
1858494,0,0.8999999761581421,0.0014521634439006448,0.0
1858495,0,0.8999999761581421,0.0017493031919002533,0.0
1858496,0,0.8999999761581421,0.0016627029981464148,0.0
1858497,0,0.8999999761581421,0.0015429066261276603,0.0
1858498,0,0.8999999761581421,0.0017360353376716375,0.0
1858499,0,0.8999999761581421,0.0016575304325670004,0.0
1858500,0,0.8999999761581421,0.0020328336395323277,0.0
1858501,0,0.8999999761581421,0.0017005136469379067,0.0
1858502,0,0.8999999761581421,0.0014346499228850007,0.0
1858503,0,0.8999999761581421,0.002096035750582814,0.0
1858504,0,0.8999999761581421,0.0018801931291818619,0.0
1858505,0,0.8999999761581421,0.0018081602174788713,0.0
1858506,0,0.8999999761581421,0.0016351828817278147,0.0
1858507,0,0.8999999761581421,0.001997931394726038,0.0
1858508,0,0.8999999761581421,0.0020310308318585157,0.0
1858509,0,0.8999999761581421,0.001800691126845777,0.0
1858510,0,0.8999999761581421,0.0015573727432638407,0.0
1858511,0,0.8999999761581421,0.0015763137489557266,0.0
1858512,0,0.8999999761581421,0.001575839938595891,0.0
1858513,0,0.8999999761581421,0.0015478759305551648,0.0
1858514,0,0.8999999761581421,0.0016300104325637221,0.0
1858515,0,0.8999999761581421,0.0016251368215307593,0.0
1858516,0,0.8999999761581421,0.0017207509372383356,0.0
1858517,0,0.8999999761581421,0.001506910426542163,0.0
1858518,0,0.8999999761581421,0.0011030627647414804,0.0
1858519,0,0.8999999761581421,0.0016504739178344607,0.0
1858520,0,0.8999999761581421,0.0017589088529348373,0.0
1858521,0,0.8999999761581421,0.001465153880417347,0.0
1858522,0,0.8999999761581421,0.0016247042221948504,0.0
1858523,0,0.8999999761581421,0.001835169387049973,0.0
1858524,0,0.8999999761581421,0.0022514068987220526,0.0
1858525,0,0.8999999761581421,0.0016025772783905268,0.0
1858526,0,0.8999999761581421,0.0016345753101632,0.0
1858527,0,0.8999999761581421,0.0021299689542502165,0.0
1858528,0,0.8999999761581421,0.0019116917392238975,0.0
1858529,0,0.8999999761581421,0.0018302786629647017,0.0
1858530,0,0.8999999761581421,0.0019225829746574163,0.0
1858531,0,0.8999999761581421,0.00182499666698277,0.0
1858532,0,0.8999999761581421,0.001851890585385263,0.0
1858533,0,0.8999999761581421,0.00175946531817317,0.0
1858534,0,0.8999999761581421,0.0015329192392528057,0.0
1858535,0,0.8999999761581421,0.0019510150887072086,0.0
1858536,0,0.8999999761581421,0.0019768872298300266,0.0
1858537,0,0.8999999761581421,0.002069787820801139,0.0
1858538,0,0.8999999761581421,0.002162595745176077,0.0
1858539,0,0.8999999761581421,0.001840903889387846,0.0
1858540,0,0.8999999761581421,0.0022072638384997845,0.0
1858541,0,0.8999999761581421,0.0019748082850128412,0.0
1858542,0,0.8999999761581421,0.0016720659332349896,0.0
1858543,0,0.8999999761581421,0.0020775613375008106,0.0
1858544,0,0.8999999761581421,0.002253043232485652,0.0
1858545,0,0.8999999761581421,0.001942095928825438,0.0
1858546,0,0.8999999761581421,0.0017993137007579207,0.0
1858547,0,0.8999999761581421,0.001896652509458363,0.0
1858548,0,0.8999999761581421,0.001999509520828724,0.0
1858549,0,0.8999999761581421,0.0018853314686566591,0.0
1858550,0,0.8999999761581421,0.0018036281690001488,0.0
1858551,0,0.8999999761581421,0.0021188128739595413,0.0
1858552,0,0.8999999761581421,0.0023783387150615454,0.0
1858553,0,0.8999999761581421,0.002025542315095663,0.0
1858554,0,0.8999999761581421,0.0023175955284386873,0.0
1858555,0,0.8999999761581421,0.002124564489349723,0.0
1858556,0,0.8999999761581421,0.002058590529486537,0.0
1858557,0,0.8999999761581421,0.0020566952880471945,0.0
1858558,0,0.8999999761581421,0.002059982158243656,0.0
1858559,0,0.8999999761581421,0.00279823737218976,0.0
1858560,0,0.8999999761581421,0.0024619216565042734,0.0
1858561,0,0.8999999761581421,0.002523335162550211,0.0
1858562,0,0.8999999761581421,0.002326009562239051,0.0
1858563,0,0.8999999761581421,0.001961909234523773,0.0
1858564,0,0.8999999761581421,0.0018065664917230606,0.0
1858565,0,0.8999999761581421,0.0017687785439193249,0.0
1858566,0,0.8999999761581421,0.0016503330552950501,0.0
1858567,0,0.8999999761581421,0.0013641197001561522,0.0
1858568,0,0.8999999761581421,0.0008110664784908295,0.0
1858569,0,0.8999999761581421,0.001158607890829444,0.0
1858570,0,0.8999999761581421,0.0012618859764188528,0.0
1858571,0,0.8999999761581421,0.002352768322452903,0.0
1858572,0,0.8999999761581421,0.0025263375137001276,0.0
1858573,0,0.8999999761581421,0.0031358180567622185,0.0
1858574,0,0.8999999761581421,0.0029553829226642847,0.0
1858575,0,0.8999999761581421,0.0023918254300951958,0.0
1858576,0,0.8999999761581421,0.002351706614717841,0.0
1858577,0,0.8999999761581421,0.00216097803786397,0.0
1858578,0,0.8999999761581421,0.0017848408315330744,0.0
1858579,0,0.8999999761581421,0.0014066005824133754,0.0
1858580,0,0.8999999761581421,0.0015597377205267549,0.0
1858581,0,0.8999999761581421,0.0013226433657109737,0.0
1858582,0,0.8999999761581421,0.0007978941430337727,0.0
1858583,0,0.8999999761581421,0.0009159055771306157,0.0
1858584,0,0.8999999761581421,0.0008045792346820235,0.0
1858585,0,0.8999999761581421,0.0014509513275697827,0.0
1858586,0,0.8999999761581421,0.002413414651528001,0.0
1858587,0,0.8999999761581421,0.0017765890806913376,0.0
1858588,0,0.8999999761581421,0.0011937235249206424,0.0
1858589,0,0.8999999761581421,0.001583929406479001,0.0
1858590,0,0.8999999761581421,0.0008044426213018596,0.0
1858591,0,0.8999999761581421,0.0010428318055346608,0.0
1858592,0,0.8999999761581421,0.0006691806484013796,0.0
1858593,0,0.8999999761581421,-0.0007878679898567498,0.0
1858594,0,0.8999999761581421,-0.0005870377062819898,0.0
1858595,0,0.8999999761581421,-1.8886898033088073e-05,0.0
1858596,0,0.8999999761581421,0.0005705413641408086,0.0
1858597,0,0.8999999761581421,0.00020699457672890276,0.0
1858598,0,0.8999999761581421,0.0001439220504835248,0.0
1858599,0,0.8999999761581421,-0.0017430272419005632,0.0
1858600,0,0.8999999761581421,-0.0010817938018590212,0.0
1858601,0,0.8999999761581421,-0.0017814741004258394,0.0
1858602,0,0.8999999761581421,-0.0006542851915583014,0.0
1858603,0,0.8999999761581421,0.0010829222155734897,0.0
1858604,0,0.8999999761581421,0.0018786449218168855,0.0
1858605,0,0.8999999761581421,0.0025011056568473577,0.0
1858606,0,0.8999999761581421,0.004199238494038582,0.0
1858607,0,0.8999999761581421,0.001992791658267379,0.0
1858608,0,0.8999999761581421,0.0036456845700740814,0.0
1858609,0,0.8999999761581421,0.004753450397402048,0.0
1858610,0,0.8999999761581421,0.006294857244938612,0.0
1858611,0,0.8999999761581421,0.006043459288775921,0.0
1858612,0,0.8999999761581421,0.004904552362859249,0.0
1858613,0,0.8999999761581421,0.0046534049324691296,0.0
1858614,0,0.8999999761581421,0.0032973322086036205,0.0
1858615,0,0.8999999761581421,0.001881783944554627,0.0
1858616,0,0.8999999761581421,0.0019300150452181697,0.0
1858617,0,0.8999999761581421,0.001288678846322,0.0
1858618,0,0.8999999761581421,0.0010069463169202209,0.0
1858619,0,0.8999999761581421,0.0005166554474271834,0.0
1858620,0,0.8999999761581421,2.113087930410984e-06,0.0
1858621,0,0.8999999761581421,0.00018330378225073218,0.0
1858622,0,0.8999999761581421,0.0001347197830909863,0.0
1858623,0,0.8999999761581421,-0.0014590522041544318,0.0
1858624,0,0.8999999761581421,-0.003915265202522278,0.0
1858625,0,0.8999999761581421,-0.0034872754476964474,0.0
1858626,0,0.8999999761581421,-0.0031573318410664797,0.0
1858627,0,0.8999999761581421,-0.004050728864967823,0.0
1858628,0,0.8879079818725586,-0.004286741837859154,0.0
1858629,0,0.7953815460205078,-0.004375898744910955,0.0
1858630,0,0.6910275220870972,-0.0037321988493204117,0.0
1858631,0,0.582592785358429,-0.003485630499199033,0.0
1858632,0,0.49247121810913086,-0.00371401640586555,0.0
1858633,0,0.5632463097572327,-0.003024840261787176,0.0
1858634,0,0.5448376536369324,-0.00263973162509501,0.0
1858635,0,0.4948843717575073,-0.0014046725118532777,0.0
1858636,0,0.5299425721168518,-0.002234413754194975,0.0
1858637,0,0.5156353712081909,-0.0024315102491527796,0.0
1858638,0,0.4182954430580139,-0.001293353270739317,0.0
1858639,0,0.39238792657852173,0.0002127547049894929,0.0
1858640,0,0.33494746685028076,0.0011462337570264935,0.0
1858641,0,0.37676912546157837,0.0009848620975390077,0.0
1858642,0,0.3617875874042511,0.0022147998679429293,0.0
1858643,0,0.33939129114151,0.001191879389807582,0.0
1858644,0,0.4085512161254883,0.0012938142754137516,0.0
1858645,0,0.32157382369041443,0.0012388398172333837,0.0
1858646,0,0.3060741722583771,0.00141140166670084,0.0
1858647,0,0.3632015585899353,0.000556849641725421,0.0
1858648,0,0.3192296326160431,0.0009706011624075472,0.0
1858649,0,0.2811221480369568,0.0002386738487984985,0.0
1858650,0,0.22538568079471588,-0.0014003851683810353,0.0
1858651,0,0.2377990037202835,-0.0013307712506502867,0.0
1858652,0,0.26633596420288086,-0.0021299233194440603,0.0
1858653,0,0.2790209650993347,-0.0016330982325598598,0.0
1858654,0,0.32898151874542236,-0.0006836976972408593,0.0
1858655,0,0.252137154340744,-0.0013619113015010953,0.0
1858656,0,0.1998324990272522,-0.000977731659077108,0.0
1858657,0,0.1431306153535843,-0.0015319004887714982,0.0
1858658,0,0.18822883069515228,-0.0025165192782878876,0.0
1858659,0,0.2017088383436203,-0.0023499976377934217,0.0
1858660,0,0.18531779944896698,-0.0034951274283230305,0.0
1858661,0,0.14545127749443054,-0.0020151108037680387,0.0
1858662,0,0.09587127715349197,-0.0021522524766623974,0.0
1858663,0,0.09484639018774033,-0.0027685745153576136,0.0
1858664,0,0.1152011975646019,-0.003067630110308528,0.0
1858665,0,0.10717308521270752,-0.0034077081363648176,0.0
1858666,0,0.15203894674777985,-0.003453725017607212,0.0
1858667,0,0.06065059453248978,-0.005780719220638275,0.0
1858668,0,0.09417466819286346,-0.00553693575784564,0.0
1858669,0,0.11070908606052399,-0.004871026147156954,0.0
1858670,0,0.14735038578510284,-0.006072592921555042,0.0
1858671,0,0.16574762761592865,-0.00792699959129095,0.0
1858672,0,0.2221202552318573,-0.00655736168846488,0.0
1858673,0,0.39870381355285645,-0.0038008508272469044,0.0
1858674,0,0.5140140652656555,0.0007710600621066988,0.0
1858675,0,0.4857334792613983,0.0016261598793789744,0.0
1858676,0,0.5766212940216064,0.0012944432673975825,0.0
1858677,0,0.5011807680130005,0.002822940004989505,0.0
1858678,0,0.502048671245575,0.003995574079453945,0.0
1858679,0,0.48315221071243286,0.005077572539448738,0.0
1858680,0,0.5074199438095093,0.0031170251313596964,0.0
1858681,0,0.730574369430542,0.0016403311165049672,0.0
1858682,0,0.8782680034637451,0.0012191090499982238,0.0
1858683,0,0.8999999761581421,0.00034157774643972516,0.0
1858684,0,0.8999999761581421,-0.0004890771233476698,0.0
1858685,0,0.8999999761581421,-0.0003272058966103941,0.0
1858686,0,0.8646612167358398,0.00011703529162332416,0.0
1858687,0,0.8779922723770142,3.0935045742808143e-06,0.0
1858688,0,0.8205727338790894,-8.495190559187904e-05,0.0
1858689,0,0.8999999761581421,-0.0005134594975970685,0.0
1858690,0,0.8999999761581421,-0.0004121179517824203,0.0
1858691,0,0.8999999761581421,-0.0006673194584436715,0.0
1858692,0,0.8999999761581421,-0.0008688612724654377,0.0
1858693,0,0.8999999761581421,-0.0012333258055150509,0.0
1858694,0,0.8999999761581421,-0.002218910725787282,0.0
1858695,0,0.8999999761581421,-0.002975278766825795,0.0
1858696,0,0.8999999761581421,-0.0024615218862891197,0.0
1858697,0,0.8999999761581421,-0.0038807184901088476,0.0
1858698,0,0.8999999761581421,-0.0037188800051808357,0.0
1858699,0,0.8999999761581421,-0.0034039670135825872,0.0
1858700,0,0.8999999761581421,-0.002610135357826948,0.0
1858701,0,0.8999999761581421,-0.0023890065494924784,0.0
1858702,0,0.8999999761581421,-0.0019475003937259316,0.0
1858703,0,0.8999999761581421,-0.0020327225793153048,0.0
1858704,0,0.8999999761581421,-0.0033945641480386257,0.0
1858705,0,0.8999999761581421,-0.004247251898050308,0.0
1858706,0,0.8999999761581421,-0.004954593721777201,0.0
1858707,0,0.8999999761581421,-0.003970427438616753,0.0
1858708,0,0.8999999761581421,-0.0024150125682353973,0.0
1858709,0,0.8999999761581421,-0.00247737648896873,0.0
1858710,0,0.8999999761581421,-0.0016835349379107356,0.0
1858711,0,0.8999999761581421,-0.002060144441202283,0.0
1858712,0,0.8999999761581421,-0.001134006306529045,0.0
1858713,0,0.8999999761581421,-0.0010304650058969855,0.0
1858714,0,0.8999999761581421,-5.4702701163478196e-05,0.0
1858715,0,0.8999999761581421,-2.332082840439398e-05,0.0
1858716,0,0.8999999761581421,0.0012128580128774047,0.0
1858717,0,0.8999999761581421,0.0017402995144948363,0.0
1858718,0,0.8999999761581421,0.0018760039238259196,0.0
1858719,0,0.8999999761581421,0.002035244135186076,0.0
1858720,0,0.8999999761581421,0.0011644732439890504,0.0
1858721,0,0.8999999761581421,0.0015060496516525745,0.0
1858722,0,0.8999999761581421,0.001443783869035542,0.0
1858723,0,0.8999999761581421,0.0012792744673788548,0.0
1858724,0,0.8999999761581421,0.0013911885907873511,0.0
1858725,0,0.8999999761581421,0.001857452909462154,0.0
1858726,0,0.8999999761581421,0.0007700369460508227,0.0
1858727,0,0.8999999761581421,0.00013332102389540523,0.0
1858728,0,0.8999999761581421,-0.00016372816753573716,0.0
1858729,0,0.8999999761581421,-0.0006331656477414072,0.0
1858730,0,0.8999999761581421,-0.0016986466944217682,0.0
1858731,0,0.8999999761581421,-0.0017218010034412146,0.0
1858732,0,0.8999999761581421,-0.001606938662007451,0.0
1858733,0,0.8999999761581421,-0.0014398337807506323,0.0
1858734,0,0.8824090957641602,-0.001986836548894644,0.0
1858735,0,0.8721112012863159,-0.002170363673940301,0.0
1858736,0,0.8394618034362793,-0.001443069544620812,0.0
1858737,0,0.8056297302246094,-0.0011020738165825605,0.0
1858738,0,0.7596538066864014,-0.0007865062216296792,0.0
1858739,0,0.6913043856620789,-0.0009034447721205652,0.0
1858740,0,0.6670050621032715,-0.0015872406074777246,0.0
1858741,0,0.6712346076965332,-0.0011304973158985376,0.0
1858742,0,0.630278468132019,-0.0009489096701145172,0.0
1858743,0,0.5945973992347717,-0.00037605740362778306,0.0
1858744,0,0.5736148953437805,0.0007718938868492842,0.0
1858745,0,0.5166448950767517,0.0014859176008030772,0.0
1858746,0,0.4932374656200409,0.0014601378934457898,0.0
1858747,0,0.46186956763267517,0.002115207025781274,0.0
1858748,0,0.403475821018219,0.0030858125537633896,0.0
1858749,0,0.4022364318370819,0.002579852007329464,0.0
1858750,0,0.34400030970573425,0.0027500747237354517,0.0
1858751,0,0.34444141387939453,0.0027149461675435305,0.0
1858752,0,0.3405613601207733,0.0026264339685440063,0.0
1858753,0,0.31655994057655334,0.003484775312244892,0.0
1858754,0,0.26767122745513916,0.003196360543370247,0.0
1858755,0,0.22464746236801147,0.002621398074552417,0.0
1858756,0,0.2152405083179474,0.002671116264536977,0.0
1858757,0,0.20249952375888824,0.0021553728729486465,0.0
1858758,0,0.19038322567939758,0.002373310038819909,0.0
1858759,0,0.17891359329223633,0.001650310354307294,0.0
1858760,0,0.21684391796588898,0.0012812879867851734,0.0
1858761,0,0.254498690366745,0.0004191132029518485,0.0
1858762,0,0.26936185359954834,-0.0003039419825654477,0.0
1858763,0,0.23579533398151398,-0.00103637739084661,0.0
1858764,0,0.24906417727470398,-0.00011946285667363554,0.0
1858765,0,0.2884158790111542,0.00013542415399570018,0.0
1858766,0,0.27353325486183167,-0.0003148674441035837,0.0
1858767,0,0.289103627204895,0.0007071579457260668,0.0
1858768,0,0.32082292437553406,0.0007381769828498363,0.0
1858769,0,0.34698137640953064,0.001237355638295412,0.0
1858770,0,0.36090606451034546,0.003207811154425144,0.0
1858771,0,0.3695090413093567,0.0017499342793598771,0.0
1858772,0,0.3948017656803131,0.0008352851727977395,0.0
1858773,0,0.42187806963920593,0.0017071175388991833,0.0
1858774,0,0.42902424931526184,0.001025120378471911,0.0
1858775,0,0.4094559848308563,0.0007481362554244697,0.0
1858776,0,0.4350392520427704,0.0016400906024500728,0.0
1858777,0,0.4380902647972107,0.0005880194948986173,0.0
1858778,0,0.41453850269317627,0.00046579045010730624,0.0
1858779,0,0.41641974449157715,-0.0004545946139842272,0.0
1858780,0,0.41153961420059204,0.00048245041398331523,0.0
1858781,0,0.4068126976490021,-0.0002385230181971565,0.0
1858782,0,0.4503270089626312,-0.000640466867480427,0.0
1858783,0,0.4539150893688202,-0.001069193589501083,0.0
1858784,0,0.46189144253730774,0.0004950648872181773,0.0
1858785,0,0.47609779238700867,0.00013982108794152737,0.0
1858786,0,0.5042853355407715,0.0005084947915747762,0.0
1858787,0,0.47513777017593384,0.0006186429527588189,0.0
1858788,0,0.45669540762901306,0.001322281896136701,0.0
1858789,0,0.4821414351463318,0.0005323847872205079,0.0
1858790,0,0.4911377727985382,0.0019999577198177576,0.0
1858791,0,0.5294582843780518,0.0014492281479761004,0.0
1858792,0,0.5159915089607239,0.0011360824573785067,0.0
1858793,0,0.509920060634613,0.0010046297684311867,0.0
1858794,0,0.5437390208244324,0.0006580218323506415,0.0
1858795,0,0.5334412455558777,-0.00020638554997276515,0.0
1858796,0,0.5021171569824219,0.0006086922367103398,0.0
1858797,0,0.5069981813430786,0.0002952975337393582,0.0
1858798,0,0.49725908041000366,-0.00040064039058052003,0.0
1858799,0,0.5134884119033813,0.0002204358170274645,0.0
1858800,0,0.5327892303466797,0.0005256428266875446,0.0
1858801,0,0.5470611453056335,0.0005957831745035946,0.0
1858802,0,0.5480825901031494,0.000852764758747071,0.0
1858803,0,0.5324805974960327,0.0007168027223087847,0.0
1858804,0,0.5303040742874146,0.0006720493547618389,0.0
1858805,0,0.539721667766571,0.0012690676376223564,0.0
1858806,0,0.5518344044685364,0.0016738858539611101,0.0
1858807,0,0.5581009984016418,0.003317158203572035,0.0
1858808,0,0.5551891326904297,0.0025192711036652327,0.0
1858809,0,0.5211786031723022,0.002732464112341404,0.0
1858810,0,0.5068233609199524,0.0027502283919602633,0.0
1858811,0,0.49492383003234863,0.002904630498960614,0.0
1858812,0,0.5072950124740601,0.002481763483956456,0.0
1858813,0,0.49330511689186096,-0.0018678746419027448,0.0
1858814,0,0.510739266872406,0.0011443383991718292,0.0
1858815,0,0.49075666069984436,7.764359907014295e-05,0.0
1858816,0,0.5019877552986145,-4.689067282015458e-05,0.0
1858817,0,0.5036224722862244,-9.167109965346754e-05,0.0
1858818,0,0.49422991275787354,-0.0009256756165996194,0.0
1858819,0,0.49776288866996765,-0.0018981934990733862,0.0
1858820,0,0.49958738684654236,-0.0016734646633267403,0.0
1858821,0,0.48860520124435425,0.0002533431106712669,0.0
1858822,0,0.4818275272846222,0.0004914563032798469,0.0
1858823,0,0.4903906285762787,0.0009132332634180784,0.0
1858824,0,0.48124411702156067,0.00037088923272676766,0.0
1858825,0,0.46014106273651123,-0.0005275154253467917,0.0
1858826,0,0.48510032892227173,-0.0007893237052485347,0.0
1858827,0,0.4739604592323303,-0.00016521516954526305,0.0
1858828,0,0.4712713956832886,-0.00045785176916979253,0.0
1858829,0,0.4697357416152954,-0.0010621342808008194,0.0
1858830,0,0.4919111132621765,-0.0009242441155947745,0.0
1858831,0,0.4823763966560364,-0.0014125584857538342,0.0
1858832,0,0.48111793398857117,-0.0008969390182755888,0.0
1858833,0,0.490639328956604,-0.00017219476285390556,0.0
1858834,0,0.5027385354042053,-0.00035536906216293573,0.0
1858835,0,0.4482908546924591,-0.0008675976423546672,0.0
1858836,0,0.45768672227859497,-0.0003335907240398228,0.0
1858837,0,0.43644553422927856,-0.0006572349811904132,0.0
1858838,0,0.43572932481765747,-0.000352665432728827,0.0
1858839,0,0.4060755670070648,-0.00020515469077508897,0.0
1858840,0,0.42415302991867065,0.0006113730487413704,0.0
1858841,0,0.4010425806045532,-0.0005808307323604822,0.0
1858842,0,0.3965334892272949,0.0008763886871747673,0.0
1858843,0,0.38670435547828674,-0.0006125555373728275,0.0
1858844,0,0.3580758571624756,0.0005618414143100381,0.0
1858845,0,0.3843281865119934,0.0008212021784856915,0.0
1858846,0,0.4168032705783844,0.0016294525703415275,0.0
1858847,0,0.4173719882965088,0.0007122250972315669,0.0
1858848,0,0.3779805898666382,0.00023609829077031463,0.0
1858849,0,0.35455235838890076,0.0005888903979212046,0.0
1858850,0,0.40162602066993713,-0.00022874587739352137,0.0
1858851,0,0.3974575102329254,-0.0003490297822281718,0.0
1858852,0,0.4012538492679596,-0.0007751197554171085,0.0
1858853,0,0.41568395495414734,-0.0010072622681036592,0.0
1858854,0,0.40731143951416016,-0.0014044903218746185,0.0
1858855,0,0.35986387729644775,-0.0005458089290186763,0.0
1858856,0,0.3474717438220978,-0.0006020754808560014,0.0
1858857,0,0.29811444878578186,-0.0008480818360112607,0.0
1858858,0,0.29381585121154785,-0.0009893870446830988,0.0
1858859,0,0.30101677775382996,-0.0002337119949515909,0.0
1858860,0,0.2035515010356903,-0.0010579692898318172,0.0
1858861,0,0.2958064377307892,-0.003035668982192874,0.0
1858862,0,0.3328108787536621,-0.001544519211165607,0.0
1858863,0,0.2710494101047516,4.4783271732740104e-05,0.0
1858864,0,0.2785804569721222,0.0012415092205628753,0.0
1858865,0,0.20677782595157623,0.0015613854629918933,0.0
1858866,0,0.22734908759593964,-0.000520581379532814,0.0
1858867,0,0.15515011548995972,-0.0005773601587861776,0.0
1858868,0,0.10551552474498749,0.00011828606511699036,0.0
1858869,0,0.10749149322509766,0.00047778026782907546,0.0
1858870,0,0.10352033376693726,-0.0015467575285583735,0.0
1858871,0,0.0,0.00032803547219373286,1.0
1858872,0,0.0,0.00199001538567245,1.0
1858873,0,0.0,0.00257812044583261,1.0
1858874,0,0.0,0.002002999885007739,1.0
1858875,0,0.0,0.0003013507812283933,1.0
1858876,0,0.0,0.0001740630978019908,1.0
1858877,0,0.0,0.000755174143705517,1.0
1858878,0,0.0,0.004938642494380474,1.0
1858879,0,0.0,0.008323892019689083,1.0
1858880,0,0.0,0.00020542221318464726,1.0
1858881,0,0.0,-0.002057911828160286,1.0
1858882,0,0.0,-0.003943237476050854,1.0
1858883,0,0.0,-0.0024854361545294523,1.0
1858884,0,0.0,-0.0034140232019126415,1.0
1858885,0,0.0,-0.021151412278413773,1.0
1858886,0,0.0,-0.023176103830337524,1.0
1858887,0,0.0,-0.036647483706474304,1.0
1858888,0,0.0,-0.03553985804319382,1.0
1858889,0,0.0,-0.04059740528464317,1.0
1858890,0,0.0,-0.026945248246192932,1.0
1858891,0,0.0,-0.011144941672682762,1.0
1858892,0,0.0,-0.01479995995759964,1.0
1858893,0,0.0,-0.006137617863714695,1.0
1858894,0,0.0,0.0006057225400581956,1.0
1858895,0,0.0,-0.012109827250242233,1.0
1858896,0,0.0,-0.004667831119149923,1.0
1858897,0,0.0,-0.0002608904615044594,1.0
1858898,0,0.0,0.007660963572561741,1.0
1858899,0,0.0,0.011763595044612885,1.0
1858900,0,0.0,0.014951659366488457,1.0
1858901,0,0.0,0.013203148730099201,1.0
1858902,0,0.0,0.021968912333250046,1.0
1858903,0,0.0,0.0015954681439325213,1.0
1858904,0,0.0,0.018432442098855972,1.0
1858905,0,0.0,0.020219698548316956,1.0
1858906,0,0.0,0.01889926940202713,1.0
1858907,0,0.0,0.022476481273770332,1.0
1858908,0,0.0,0.02546846866607666,1.0
1858909,0,0.0,0.021844401955604553,1.0
1858910,0,0.0,0.021654032170772552,1.0
1858911,0,0.0,0.02332623489201069,1.0
1858912,0,0.0,0.025971440598368645,1.0
1858913,0,0.0,0.030193615704774857,1.0
1858914,0,0.0,0.027603594586253166,1.0
1858915,0,0.0,0.027593249455094337,1.0
1858916,0,0.0,0.02518746443092823,1.0
1858917,0,0.0,0.023123638704419136,1.0
1858918,0,0.0,0.02348356693983078,1.0
1858919,0,0.0,0.02307097613811493,1.0
1858920,0,0.0,0.023004382848739624,1.0
1858921,0,0.0,0.023608002811670303,1.0
1858922,0,0.0,0.02458394505083561,1.0
1858923,0,0.0,0.02498890832066536,1.0
1858924,0,0.0,0.024994539096951485,1.0
1858925,0,0.0,0.026084909215569496,1.0
1858926,0,0.0,0.02606605365872383,1.0
1858927,0,0.0,0.027405735105276108,1.0
1858928,0,0.0,0.027563869953155518,1.0
1858929,0,0.0,0.028910260647535324,1.0
1858930,0,0.0,0.029733123257756233,1.0
1858931,0,0.0,0.02922939881682396,1.0
1858932,0,0.0,0.03030207008123398,1.0
1858933,0,0.0,0.030074303969740868,1.0
1858934,0,0.0,0.030251016840338707,1.0
1858935,0,0.0,0.031033482402563095,1.0
1858936,0,0.0,0.03192552924156189,1.0
1858937,0,0.0,0.031892914324998856,1.0
1858938,0,0.0,0.03222659230232239,1.0
1858939,0,0.0,0.03231797367334366,1.0
1858940,0,0.0,0.03186585754156113,1.0
1858941,0,0.0,0.03187740966677666,1.0
1858942,0,0.0,0.031770382076501846,1.0
1858943,0,0.0,0.032453734427690506,1.0
1858944,0,0.0,0.03232326731085777,1.0
1858945,0,0.0,0.03234259784221649,1.0
1858946,0,0.0,0.03224225342273712,1.0
1858947,0,0.0,0.032239653170108795,1.0
1858948,0,0.0,0.03173653408885002,1.0
1858949,0,0.0,0.031637631356716156,1.0
1858950,0,0.0,0.03209991753101349,1.0
1858951,0,0.0,0.03182847425341606,1.0
1858952,0,0.0,0.03205110505223274,1.0
1858953,0,0.0,0.0321536548435688,1.0
1858954,0,0.0,0.03130519762635231,1.0
1858955,0,0.0,0.02946116030216217,1.0
1858956,0,0.0,0.030191002413630486,1.0
1858957,0,0.0,0.030263157561421394,1.0
1858958,0,0.0,0.03092840500175953,1.0
1858959,0,0.0,0.03057328797876835,1.0
1858960,0,0.0,0.0314711257815361,1.0
1858961,0,0.0,0.03176018223166466,1.0
1858962,0,0.0,0.031963903456926346,1.0
1858963,0,0.0,0.032372452318668365,1.0
1858964,0,0.0,0.032197847962379456,1.0
1858965,0,0.0,0.031775351613759995,1.0
1858966,0,0.0,0.03200903907418251,1.0
1858967,0,0.0,0.030838970094919205,1.0
1858968,0,0.0,0.03285166621208191,1.0
1858969,0,0.0,0.03454216942191124,1.0
1858970,0,0.0,0.03599083796143532,1.0
1858971,0,0.0,0.03702572360634804,1.0
1858972,0,0.2828921675682068,0.03845849260687828,0.0
1858973,0,0.3067867159843445,0.0380408838391304,0.0
1858974,0,0.281844824552536,0.03817695379257202,0.0
1858975,0,0.0,0.03766641020774841,1.0
1858976,0,0.0,0.037610720843076706,1.0
1858977,0,0.0,0.035153500735759735,1.0
1858978,0,0.0,0.034383028745651245,1.0
1858979,0,0.2769927978515625,0.03403426334261894,0.0
1858980,0,0.3682805001735687,0.03556457906961441,0.0
1858981,0,0.3990304470062256,0.035576704889535904,0.0
1858982,0,0.3556218445301056,0.03576596826314926,0.0
1858983,0,0.3960292935371399,0.03596436604857445,0.0
1858984,0,0.3570670783519745,0.03610125184059143,0.0
1858985,0,0.36894384026527405,0.03571165353059769,0.0
1858986,0,0.4443126618862152,0.0358939990401268,0.0
1858987,0,0.42970550060272217,0.03536348044872284,0.0
1858988,0,0.48206502199172974,0.03544864058494568,0.0
1858989,0,0.49028536677360535,0.034106213599443436,0.0
1858990,0,0.5678556561470032,0.035462960600852966,0.0
1858991,0,0.6413547396659851,0.03504081070423126,0.0
1858992,0,0.7324831485748291,0.03535454347729683,0.0
1858993,0,0.8999999761581421,0.033913008868694305,0.0
1858994,0,0.8999999761581421,0.0357741117477417,0.0
1858995,0,0.8999999761581421,0.035281457006931305,0.0
1858996,0,0.8999999761581421,0.03542545065283775,0.0
1858997,0,0.8628614544868469,0.035722676664590836,0.0
1858998,0,0.8058812618255615,0.03598649799823761,0.0
1858999,0,0.7654816508293152,0.03728971257805824,0.0
1859000,0,0.7251067757606506,0.039125386625528336,0.0
1859001,0,0.7272617220878601,0.03986753895878792,0.0
1859002,0,0.7231235504150391,0.03938871622085571,0.0
1859003,0,0.5926297903060913,0.0387328639626503,0.0
1859004,0,0.5113392472267151,0.0377892442047596,0.0
1859005,0,0.3394891321659088,0.03663326054811478,0.0
1859006,0,0.0,0.03598984703421593,1.0
1859007,0,0.0,0.034647099673748016,1.0
1859008,0,0.0,0.0404629111289978,1.0
1859009,0,0.0,0.03834052011370659,1.0
1859010,0,0.0,0.03847135230898857,1.0
1859011,0,0.2603103220462799,0.037434641271829605,0.0
1859012,0,0.2356259822845459,0.03627271577715874,0.0
1859013,0,0.43811023235321045,0.033226288855075836,0.0
1859014,0,0.5045026540756226,0.03155108913779259,0.0
1859015,0,0.29530057311058044,0.030537201091647148,0.0
1859016,0,0.2835756540298462,0.03001091070473194,0.0
1859017,0,0.24110198020935059,0.02962285839021206,0.0
1859018,0,0.20867229998111725,0.031530193984508514,0.0
1859019,0,0.0,0.03299684450030327,1.0
1859020,0,0.0,0.03260247781872749,1.0
1859021,0,0.0,0.03323531895875931,1.0
1859022,0,0.0,0.033018454909324646,1.0
1859023,0,0.0,0.03211148828268051,1.0
1859024,0,0.0,0.03140488266944885,1.0
1859025,0,0.0,0.031492576003074646,1.0
1859026,0,0.0,0.031439900398254395,1.0
1859027,0,0.0,0.03099719248712063,1.0
1859028,0,0.0,0.031668152660131454,1.0
1859029,0,0.0,0.03109581209719181,1.0
1859030,0,0.0,0.03131326287984848,1.0
1859031,0,0.0,0.03241869807243347,1.0
1859032,0,0.0,0.033318981528282166,1.0
1859033,0,0.0,0.032941095530986786,1.0
1859034,0,0.0,0.032909784466028214,1.0
1859035,0,0.0,0.033191174268722534,1.0
1859036,0,0.0,0.03339928761124611,1.0
1859037,0,0.0,0.033196981996297836,1.0
1859038,0,0.0,0.033390436321496964,1.0
1859039,0,0.0,0.033381491899490356,1.0
1859040,0,0.0,0.033954668790102005,1.0
1859041,0,0.0,0.03403294458985329,1.0
1859042,0,0.0,0.03308185189962387,1.0
1859043,0,0.0,0.03300018236041069,1.0
1859044,0,0.0,0.03332686796784401,1.0
1859045,0,0.0,0.033536143600940704,1.0
1859046,0,0.0,0.03309806436300278,1.0
1859047,0,0.0,0.03222646191716194,1.0
1859048,0,0.0,0.03212057426571846,1.0
1859049,0,0.0,0.03319118171930313,1.0
1859050,0,0.0,0.03239050135016441,1.0
1859051,0,0.0,0.0320492647588253,1.0
1859052,0,0.0,0.03118826448917389,1.0
1859053,0,0.0,0.030791588127613068,1.0
1859054,0,0.0,0.030379537492990494,1.0
1859055,0,0.2915961444377899,0.0300065279006958,0.0
1859056,0,0.2887137532234192,0.030872952193021774,0.0
1859057,0,0.28261056542396545,0.035208702087402344,0.0
1859058,0,0.316898375749588,0.03221230208873749,0.0
1859059,0,0.4146749973297119,0.033745039254426956,0.0
1859060,0,0.4328884780406952,0.031723503023386,0.0
1859061,0,0.5176721215248108,0.035113945603370667,0.0
1859062,0,0.5799462199211121,0.0431503988802433,0.0
1859063,0,0.7337856888771057,0.04822801798582077,0.0
1859064,0,0.6361351609230042,0.043796639889478683,0.0
1859065,0,0.7206266522407532,0.047364577651023865,0.0
1859066,0,0.8250251412391663,0.05023875832557678,0.0
1859067,0,0.8999999761581421,0.045805878937244415,0.0
1859068,0,0.8999999761581421,0.05732671543955803,0.0
1859069,0,0.8999999761581421,0.029792888090014458,0.0
1859070,0,0.8999999761581421,0.03007754497230053,0.0
1859071,0,0.8999999761581421,0.03430667519569397,0.0
1859072,0,0.8999999761581421,0.029951350763440132,0.0
1859073,0,0.8999999761581421,0.03143325075507164,0.0
1859074,0,0.8999999761581421,0.014450089074671268,0.0
1859075,0,0.8999999761581421,0.014512372203171253,0.0
1859076,0,0.6208257675170898,0.009507084265351295,0.0
1859077,0,0.8895700573921204,0.021178411319851875,0.0
1859078,0,0.6573311686515808,0.021880121901631355,0.0
1859079,0,0.4835468828678131,0.0152437724173069,0.0
1859080,0,0.4722539782524109,0.012635023333132267,0.0
1859081,0,0.22280113399028778,0.004750756546854973,0.0
1859082,0,0.8277670741081238,0.005013670306652784,0.0
1859083,0,0.8999999761581421,0.002697641495615244,0.0
1859084,0,0.8999999761581421,0.0032854191958904266,0.0
1859085,0,0.8999999761581421,-0.0015237482730299234,0.0
1859086,0,0.8999999761581421,-0.004147561267018318,0.0
1859087,0,0.8999999761581421,-0.00018575410649646074,0.0
1859088,0,0.8999999761581421,-0.002992016961798072,0.0
1859089,0,0.8999999761581421,-0.00952540710568428,0.0
1859090,0,0.8999999761581421,-0.009859200567007065,0.0
1859091,0,0.8999999761581421,-0.008245281875133514,0.0
1859092,0,0.8999999761581421,-0.003019773168489337,0.0
1859093,0,0.8999999761581421,-0.005813688971102238,0.0
1859094,0,0.8999999761581421,-0.009384682402014732,0.0
1859095,0,0.8999999761581421,-0.009328687563538551,0.0
1859096,0,0.8999999761581421,-0.010374089702963829,0.0
1859097,0,0.8999999761581421,-0.016938501968979836,0.0
1859098,0,0.8999999761581421,-0.010680211707949638,0.0
1859099,0,0.8999999761581421,-0.013903001323342323,0.0
1859100,0,0.8999999761581421,-0.009021325036883354,0.0
1859101,0,0.8999999761581421,-0.013308422639966011,0.0
1859102,0,0.8999999761581421,-0.011160788126289845,0.0
1859103,0,0.8999999761581421,-0.00990632176399231,0.0
1859104,0,0.8999999761581421,-0.011816511861979961,0.0
1859105,0,0.8999999761581421,-0.010011797770857811,0.0
1859106,0,0.8999999761581421,-0.009764328598976135,0.0
1859107,0,0.8999999761581421,-0.008051449432969093,0.0
1859108,0,0.8999999761581421,-0.008369388058781624,0.0
1859109,0,0.8999999761581421,-0.007078655995428562,0.0
1859110,0,0.8999999761581421,-0.007575344294309616,0.0
1859111,0,0.8999999761581421,-0.0071079614572227,0.0
1859112,0,0.8999999761581421,-0.009405234828591347,0.0
1859113,0,0.8999999761581421,-0.010637284256517887,0.0
1859114,0,0.8999999761581421,-0.011121029034256935,0.0
1859115,0,0.8999999761581421,-0.012671963311731815,0.0
1859116,0,0.8999999761581421,-0.012019048444926739,0.0
1859117,0,0.8999999761581421,-0.01359569188207388,0.0
1859118,0,0.8999999761581421,-0.014766065403819084,0.0
1859119,0,0.8999999761581421,-0.01333161536604166,0.0
1859120,0,0.8999999761581421,-0.014282971620559692,0.0
1859121,0,0.8999999761581421,-0.012009053491055965,0.0
1859122,0,0.8999999761581421,-0.010169804096221924,0.0
1859123,0,0.8999999761581421,-0.008372911252081394,0.0
1859124,0,0.8999999761581421,-0.005470374133437872,0.0
1859125,0,0.8999999761581421,-0.005308592226356268,0.0
1859126,0,0.8999999761581421,-0.004489324055612087,0.0
1859127,0,0.8999999761581421,-0.005207091569900513,0.0
1859128,0,0.8999999761581421,-0.0032068577129393816,0.0
1859129,0,0.8999999761581421,-0.0032062118407338858,0.0
1859130,0,0.8999999761581421,-0.0034109167754650116,0.0
1859131,0,0.8999999761581421,-0.00217550341039896,0.0
1859132,0,0.8999999761581421,-0.002729773288592696,0.0
1859133,0,0.8999999761581421,-0.001920307637192309,0.0
1859134,0,0.8999999761581421,-0.001793512376025319,0.0
1859135,0,0.8999999761581421,-0.0017323964275419712,0.0
1859136,0,0.8999999761581421,-0.000530668708961457,0.0
1859137,0,0.8999999761581421,0.0009085816564038396,0.0
1859138,0,0.8999999761581421,0.0009731283644214272,0.0
1859139,0,0.8999999761581421,0.0010229090694338083,0.0
1859140,0,0.8999999761581421,0.000863986206240952,0.0
1859141,0,0.8999999761581421,0.00012615928426384926,0.0
1859142,0,0.8999999761581421,-0.000164096723892726,0.0
1859143,0,0.8999999761581421,0.00098779471591115,0.0
1859144,0,0.8999999761581421,0.0015281822998076677,0.0
1859145,0,0.8999999761581421,0.0015852398937568069,0.0
1859146,0,0.8999999761581421,0.001737406593747437,0.0
1859147,0,0.8999999761581421,0.003369514364749193,0.0
1859148,0,0.8999999761581421,0.0027576845604926348,0.0
1859149,0,0.8999999761581421,0.0034802944865077734,0.0
1859150,0,0.8999999761581421,0.003899408970028162,0.0
1859151,0,0.8999999761581421,0.0033294339664280415,0.0
1859152,0,0.8999999761581421,0.0030801519751548767,0.0
1859153,0,0.8999999761581421,0.0025682379491627216,0.0
1859154,0,0.8999999761581421,0.0027753321919590235,0.0
1859155,0,0.8999999761581421,0.0025794608518481255,0.0
1859156,0,0.8999999761581421,0.00334180798381567,0.0
1859157,0,0.8999999761581421,0.0029731059912592173,0.0
1859158,0,0.8999999761581421,0.003028797684237361,0.0
1859159,0,0.8999999761581421,0.003582969307899475,0.0
1859160,0,0.8999999761581421,0.00417555496096611,0.0
1859161,0,0.8999999761581421,0.004124857950955629,0.0
1859162,0,0.8999999761581421,0.003943002782762051,0.0
1859163,0,0.8999999761581421,0.004450655076652765,0.0
1859164,0,0.8999999761581421,0.004981940146535635,0.0
1859165,0,0.8999999761581421,0.0023530726321041584,0.0
1859166,0,0.8999999761581421,0.00010432117414893582,0.0
1859167,0,0.8999999761581421,-0.00018557909061200917,0.0
1859168,0,0.8999999761581421,-0.0006500461604446173,0.0
1859169,0,0.8999999761581421,-0.000858882034663111,0.0
1859170,0,0.8999999761581421,-0.0007668637554161251,0.0
1859171,0,0.8999999761581421,-0.0004254268715158105,0.0
1859172,0,0.8999999761581421,6.162964564282447e-05,0.0
1859173,0,0.8999999761581421,0.00023636438709218055,0.0
1859174,0,0.8999999761581421,-0.0005930710467509925,0.0
1859175,0,0.8999999761581421,-0.0003252820752095431,0.0
1859176,0,0.8999999761581421,-0.00012874336971435696,0.0
1859177,0,0.8999999761581421,-0.0011951663764193654,0.0
1859178,0,0.8999999761581421,-0.0013169415760785341,0.0
1859179,0,0.8999999761581421,-0.0007695389213040471,0.0
1859180,0,0.8999999761581421,-0.0010255187517032027,0.0
1859181,0,0.8999999761581421,-0.0013198928209021688,0.0
1859182,0,0.8999999761581421,-0.0008983278530649841,0.0
1859183,0,0.8999999761581421,-0.0015179483452811837,0.0
1859184,0,0.8999999761581421,-0.0011577797122299671,0.0
1859185,0,0.8999999761581421,-7.1560480137122795e-06,0.0
1859186,0,0.8999999761581421,0.0027160460595041513,0.0
1859187,0,0.8999999761581421,0.002335550496354699,0.0
1859188,0,0.8999999761581421,0.002223832765594125,0.0
1859189,0,0.8999999761581421,0.002292557153850794,0.0
1859190,0,0.8999999761581421,0.0016712675569579005,0.0
1859191,0,0.8999999761581421,0.0016658419044688344,0.0
1859192,0,0.8999999761581421,0.0010884874500334263,0.0
1859193,0,0.8999999761581421,0.001143268309533596,0.0
1859194,0,0.8999999761581421,0.00016436849546153098,0.0
1859195,0,0.8999999761581421,-0.0003234094474464655,0.0
1859196,0,0.8999999761581421,2.848757867468521e-05,0.0
1859197,0,0.8999999761581421,0.0007161965477280319,0.0
1859198,0,0.8999999761581421,0.0011384545359760523,0.0
1859199,0,0.8999999761581421,1.7943473721970804e-05,0.0
1859200,0,0.8999999761581421,-0.00014286194345913827,0.0
1859201,0,0.8999999761581421,-0.00088871008483693,0.0
1859202,0,0.8999999761581421,-0.0009613235015422106,0.0
1859203,0,0.8999999761581421,-0.0010398180456832051,0.0
1859204,0,0.8999999761581421,-0.0003507700457703322,0.0
1859205,0,0.8999999761581421,-0.001961837988346815,0.0
1859206,0,0.8999999761581421,-0.003695506602525711,0.0
1859207,0,0.8999999761581421,-0.004041594918817282,0.0
1859208,0,0.8999999761581421,-0.0037441831082105637,0.0
1859209,0,0.8999999761581421,-0.0038830835837870836,0.0
1859210,0,0.8999999761581421,-0.0029695271514356136,0.0
1859211,0,0.8999999761581421,-0.0029473190661519766,0.0
1859212,0,0.8999999761581421,-0.0031539665069431067,0.0
1859213,0,0.8999999761581421,-0.003291419707238674,0.0
1859214,0,0.8999999761581421,-0.003938430920243263,0.0
1859215,0,0.8999999761581421,-0.004106917418539524,0.0
1859216,0,0.8999999761581421,-0.004115554504096508,0.0
1859217,0,0.8999999761581421,-0.0033922349102795124,0.0
1859218,0,0.8999999761581421,-0.002665908308699727,0.0
1859219,0,0.8999999761581421,-0.002059058751910925,0.0
1859220,0,0.8999999761581421,-0.0009705983684398234,0.0
1859221,0,0.8999999761581421,-5.967735705780797e-05,0.0
1859222,0,0.8999999761581421,0.0006335669313557446,0.0
1859223,0,0.8999999761581421,0.001865220838226378,0.0
1859224,0,0.8939111828804016,0.003206063760444522,0.0
1859225,0,0.8396769762039185,0.002982975449413061,0.0
1859226,0,0.760194718837738,0.0036198138259351254,0.0
1859227,0,0.7442991733551025,0.002720573917031288,0.0
1859228,0,0.6893755793571472,0.0019676124211400747,0.0
1859229,0,0.6714714765548706,0.002346221124753356,0.0
1859230,0,0.64262855052948,0.002058543497696519,0.0
1859231,0,0.5862167477607727,0.002623228123411536,0.0
1859232,0,0.5750238299369812,0.002638906240463257,0.0
1859233,0,0.5680196285247803,0.002226372715085745,0.0
1859234,0,0.5659188628196716,0.0020529029425233603,0.0
1859235,0,0.5367212891578674,0.00035509298322722316,0.0
1859236,0,0.545798659324646,-0.000579612678848207,0.0
1859237,0,0.5203900337219238,-0.0008922674460336566,0.0
1859238,0,0.49739471077919006,-0.0003712022735271603,0.0
1859239,0,0.4782269299030304,-0.0020023509860038757,0.0
1859240,0,0.46553200483322144,-0.0015662235673516989,0.0
1859241,0,0.43360069394111633,-0.0020757385063916445,0.0
1859242,0,0.391547292470932,-0.0017519320826977491,0.0
1859243,0,0.3582778871059418,-0.001378302345983684,0.0
1859244,0,0.3349480926990509,-0.0018804848659783602,0.0
1859245,0,0.3453667163848877,-0.0020886461716145277,0.0
1859246,0,0.32678133249282837,-0.003458672668784857,0.0
1859247,0,0.31562039256095886,-0.004231679253280163,0.0
1859248,0,0.2893039286136627,-0.002749923849478364,0.0
1859249,0,0.3053474426269531,-0.0015835025114938617,0.0
1859250,0,0.29007938504219055,-0.0006893225945532322,0.0
1859251,0,0.30090928077697754,-0.0001725732727209106,0.0
1859252,0,0.3118492662906647,0.0007327569182962179,0.0
1859253,0,0.31962841749191284,0.0011150725185871124,0.0
1859254,0,0.29594478011131287,0.002793059218674898,0.0
1859255,0,0.2778654992580414,0.0034707861486822367,0.0
1859256,0,0.17343021929264069,0.0024374525528401136,0.0
1859257,0,0.21544408798217773,0.0021668262779712677,0.0
1859258,0,0.2642068564891815,0.0020140334963798523,0.0
1859259,0,0.27870723605155945,0.0017245644703507423,0.0
1859260,0,0.2929394543170929,0.0031365524046123028,0.0
1859261,0,0.30399635434150696,0.00311443954706192,0.0
1859262,0,0.3043513894081116,0.002124043647199869,0.0
1859263,0,0.30178534984588623,0.002145958598703146,0.0
1859264,0,0.3372543454170227,0.0028889565728604794,0.0
1859265,0,0.3608335852622986,0.003063557669520378,0.0
1859266,0,0.34905558824539185,0.00428891321644187,0.0
1859267,0,0.3552439510822296,0.002893179887905717,0.0
1859268,0,0.3830961585044861,0.004250006750226021,0.0
1859269,0,0.4099452495574951,0.0038125745486468077,0.0
1859270,0,0.41420692205429077,0.0025790666695684195,0.0
1859271,0,0.40227845311164856,0.002129443921148777,0.0
1859272,0,0.4206559956073761,0.002387502696365118,0.0
1859273,0,0.44517457485198975,0.003396320156753063,0.0
1859274,0,0.4556095600128174,0.0044525619596242905,0.0
1859275,0,0.47892406582832336,0.004187035374343395,0.0
1859276,0,0.5137794017791748,0.006165004335343838,0.0
1859277,0,0.5125900506973267,0.00771113857626915,0.0
1859278,0,0.49900513887405396,0.009167163632810116,0.0
1859279,0,0.4825163185596466,0.011108978651463985,0.0
1859280,0,0.5144115090370178,0.01277102530002594,0.0
1859281,0,0.47575441002845764,0.01295837014913559,0.0
1859282,0,0.4790865480899811,0.011833819560706615,0.0
1859283,0,0.4927873909473419,0.011739281006157398,0.0
1859284,0,0.43069785833358765,0.009330622851848602,0.0
1859285,0,0.4189625680446625,0.00891973078250885,0.0
1859286,0,0.41711199283599854,0.00809276383370161,0.0
1859287,0,0.39387935400009155,0.0067734504118561745,0.0
1859288,0,0.42230671644210815,0.003709993790835142,0.0
1859289,0,0.40457698702812195,0.0019173165783286095,0.0
1859290,0,0.46682730317115784,0.0014174464158713818,0.0
1859291,0,0.4787317216396332,0.001192754483781755,0.0
1859292,0,0.5195649266242981,0.0014449735172092915,0.0
1859293,0,0.5252047181129456,0.0006221676012501121,0.0
1859294,0,0.5408006906509399,0.00048110997886396945,0.0
1859295,0,0.5386738181114197,0.000503182876855135,0.0
1859296,0,0.5679969787597656,-0.0010885869851335883,0.0
1859297,0,0.5648782849311829,-0.0007102372474037111,0.0
1859298,0,0.5435996651649475,-0.0007462892099283636,0.0
1859299,0,0.5403364896774292,-0.0013599931262433529,0.0
1859300,0,0.5404143333435059,-0.001613871194422245,0.0
1859301,0,0.5500664114952087,-0.0033686819951981306,0.0
1859302,0,0.5340462327003479,-0.0030006926972419024,0.0
1859303,0,0.5298274755477905,-0.0037419633008539677,0.0
1859304,0,0.5251995325088501,-0.0032239104621112347,0.0
1859305,0,0.5121505856513977,-0.002620062092319131,0.0
1859306,0,0.4935128092765808,-0.0016386392526328564,0.0
1859307,0,0.481588751077652,-0.0013520857319235802,0.0
1859308,0,0.4535001814365387,-0.001061152433976531,0.0
1859309,0,0.46354177594184875,-9.650203719502315e-05,0.0
1859310,0,0.46080461144447327,0.0029540113173425198,0.0
1859311,0,0.4601726830005646,0.002663950202986598,0.0
1859312,0,0.46800482273101807,0.0033025501761585474,0.0
1859313,0,0.46424344182014465,0.00366034684702754,0.0
1859314,0,0.4661349654197693,0.0033786739222705364,0.0
1859315,0,0.4306142032146454,0.003376404521986842,0.0
1859316,0,0.4387550950050354,0.0037934856954962015,0.0
1859317,0,0.41936877369880676,0.0029047783464193344,0.0
1859318,0,0.41443443298339844,0.002174875931814313,0.0
1859319,0,0.4096786677837372,0.0007633888744749129,0.0
1859320,0,0.4182630181312561,6.489675433840603e-05,0.0
1859321,0,0.4441896677017212,0.0005404671537689865,0.0
1859322,0,0.4614749550819397,-0.000342664890922606,0.0
1859323,0,0.43204614520072937,-0.0004536953056231141,0.0
1859324,0,0.45208126306533813,-0.0018777926452457905,0.0
1859325,0,0.4415252208709717,-0.0017680457094684243,0.0
1859326,0,0.4781869649887085,-0.0023772744461894035,0.0
1859327,0,0.4758799374103546,-0.0019764062017202377,0.0
1859328,0,0.4823947548866272,-0.0027086224872618914,0.0
1859329,0,0.48847150802612305,-0.0032487339340150356,0.0
1859330,0,0.47044724225997925,-0.0031759953126311302,0.0
1859331,0,0.47585737705230713,-0.0034153577871620655,0.0
1859332,0,0.47127780318260193,-0.005535424221307039,0.0
1859333,0,0.4588637948036194,-0.00605078786611557,0.0
1859334,0,0.44604843854904175,-0.005896407179534435,0.0
1859335,0,0.45595061779022217,-0.006139690987765789,0.0
1859336,0,0.4539257884025574,-0.002000782871618867,0.0
1859337,0,0.4561322033405304,-0.0013266375754028559,0.0
1859338,0,0.4275566339492798,-0.0013633712660521269,0.0
1859339,0,0.43034589290618896,-0.00011357750918250531,0.0
1859340,0,0.42755845189094543,0.0008318658219650388,0.0
1859341,0,0.418245792388916,0.0028131543658673763,0.0
1859342,0,0.42175590991973877,0.004138243850320578,0.0
1859343,0,0.40928637981414795,0.00329154497012496,0.0
1859344,0,0.40824684500694275,0.005041792523115873,0.0
1859345,0,0.4070022404193878,0.004924304783344269,0.0
1859346,0,0.413928747177124,0.004513633903115988,0.0
1859347,0,0.4128502905368805,0.005592361092567444,0.0
1859348,0,0.43862390518188477,0.006371281575411558,0.0
1859349,0,0.4190281629562378,0.005793517455458641,0.0
1859350,0,0.42193466424942017,0.0013734500389546156,0.0
1859351,0,0.4283938705921173,0.0012930245138704777,0.0
1859352,0,0.44986167550086975,0.0016058969777077436,0.0
1859353,0,0.4647543430328369,0.0014586779288947582,0.0
1859354,0,0.4545494019985199,0.0009302774560637772,0.0
1859355,0,0.44987088441848755,0.0009815109660848975,0.0
1859356,0,0.39418384432792664,0.001708822208456695,0.0
1859357,0,0.3896122872829437,0.00024956799461506307,0.0
1859358,0,0.4152928292751312,0.0004937529447488487,0.0
1859359,0,0.457640677690506,-0.001705775735899806,0.0
1859360,0,0.47529205679893494,-0.0008949198527261615,0.0
1859361,0,0.44671082496643066,-0.0006483870092779398,0.0
1859362,0,0.3965129852294922,-0.001297804294154048,0.0
1859363,0,0.36177384853363037,-0.0019866088405251503,0.0
1859364,0,0.23923741281032562,-0.004020038526505232,0.0
1859365,0,0.30142924189567566,-0.003528613829985261,0.0
1859366,0,0.4305133521556854,-0.0031584303360432386,0.0
1859367,0,0.44741111993789673,-0.003306130412966013,0.0
1859368,0,0.4338560700416565,0.0006854009698145092,0.0
1859369,0,0.46529027819633484,0.00023017167404759675,0.0
1859370,0,0.478617787361145,-0.0002465328434482217,0.0
1859371,0,0.4726889729499817,-0.0005983331357128918,0.0
1859372,0,0.4501288831233978,0.00014148594345897436,0.0
1859373,0,0.4674663841724396,0.0011305215302854776,0.0
1859374,0,0.47997623682022095,0.0029644444584846497,0.0
1859375,0,0.4887872636318207,0.003597509115934372,0.0
1859376,0,0.49888280034065247,0.0035147215239703655,0.0
1859377,0,0.4921681880950928,0.0038525753188878298,0.0
1859378,0,0.4844542145729065,0.002569615375250578,0.0
1859379,0,0.495533287525177,0.003861340694129467,0.0
1859380,0,0.49643510580062866,0.003615220542997122,0.0
1859381,0,0.4922489821910858,0.0039045687299221754,0.0
1859382,0,0.49947628378868103,0.002216924214735627,0.0
1859383,0,0.5001478791236877,0.0022429872769862413,0.0
1859384,0,0.48732277750968933,0.0020665577612817287,0.0
1859385,0,0.4893743693828583,0.00215486204251647,0.0
1859386,0,0.4829343557357788,0.002307102782651782,0.0
1859387,0,0.4769302308559418,0.0014061395777389407,0.0
1859388,0,0.49872562289237976,0.0009272323222830892,0.0
1859389,0,0.5081774592399597,8.921222615754232e-05,0.0
1859390,0,0.5221338272094727,6.435745308408514e-05,0.0
1859391,0,0.560336709022522,-0.0021479323040694,0.0
1859392,0,0.5646012425422668,-0.002474502194672823,0.0
1859393,0,0.5305714011192322,-0.003916394896805286,0.0
1859394,0,0.5090849995613098,-0.0040679993107914925,0.0
1859395,0,0.4964020252227783,-0.008296193554997444,0.0
1859396,0,0.5347710251808167,-0.008861251175403595,0.0
1859397,0,0.5228655338287354,-0.010968585498631,0.0
1859398,0,0.5175272226333618,-0.01156484242528677,0.0
1859399,0,0.5160044431686401,-0.007577477488666773,0.0
1859400,0,0.49066591262817383,-0.0065116845071315765,0.0
1859401,0,0.4889436960220337,-0.007279873359948397,0.0
1859402,0,0.41734442114830017,-0.004988472908735275,0.0
