ts,agent_id,x,y,z,v
4153484,0,192.36241149902344,-86.26268005371094,0.5760391354560852,0.0
4153485,0,192.36241149902344,-86.26268005371094,0.5347328782081604,0.0
4153486,0,192.36241149902344,-86.26268005371094,0.4873131513595581,0.0
4153487,0,192.36241149902344,-86.26268005371094,0.43378135561943054,0.0
4153488,0,192.36241149902344,-86.26268005371094,0.37413910031318665,0.0
4153489,0,192.36241149902344,-86.26268005371094,0.3083879053592682,0.0
4153490,0,192.36241149902344,-86.26268005371094,0.23652930557727814,0.0
4153491,0,192.36241149902344,-86.26268005371094,0.15856479108333588,0.0
4153492,0,192.36241149902344,-86.26268005371094,0.07449592649936676,0.0
4153493,0,192.36241149902344,-86.26268005371094,-0.0014325713273137808,6.874045053843768e-08
4153494,0,192.36241149902344,-86.26268005371094,-0.04976116120815277,2.047753081747921e-07
4153495,0,192.36241149902344,-86.26268005371094,-0.0790141299366951,5.238932690279412e-08
4153496,0,192.36241149902344,-86.26268005371094,-0.09499464184045792,8.288352842156554e-08
4153497,0,192.36241149902344,-86.26268005371094,-0.09607665985822678,0.0018456595464362675
4153498,0,192.36241149902344,-86.2625503540039,-0.09360036998987198,0.006439477973760427
4153499,0,192.36244201660156,-86.26248168945312,-0.08894706517457962,0.002668016485209454
4153500,0,192.36244201660156,-86.26243591308594,-0.08312385529279709,0.0007284228477556247
4153501,0,192.36244201660156,-86.2624282836914,-0.07681388407945633,0.0002665570720213084
4153502,0,192.36245727539062,-86.26243591308594,-0.07046787440776825,0.0007199307583843362
4153503,0,192.36245727539062,-86.26245880126953,-0.06437091529369354,0.0009070729659627951
4153504,0,192.36244201660156,-86.26248168945312,-0.05869167298078537,0.0009512905356114659
4153505,0,192.36244201660156,-86.26250457763672,-0.05351840704679489,0.0009219484368948895
4153506,0,192.36241149902344,-86.26252746582031,-0.04888515546917915,0.0008582846338243312
4153507,0,192.36241149902344,-86.26255798339844,-0.04478984698653221,0.0007809710687973968
4153508,0,192.36244201660156,-86.2625732421875,-0.041208572685718536,0.0007002550102959681
4153509,0,192.36245727539062,-86.2625961303711,-0.03810413181781769,0.0006221980135701125
4153510,0,192.36245727539062,-86.26261901855469,-0.03543258458375931,0.0005491490115988838
4153511,0,192.3624725341797,-86.26263427734375,-0.03314792737364769,0.0004834145468222511
4153512,0,192.3625030517578,-86.26264190673828,-0.03120456635951996,0.0004237135906222543
4153513,0,192.3625030517578,-86.26265716552734,-0.029559249058365822,0.00037077034669944246
4153514,0,192.3625030517578,-86.26266479492188,-0.028171958401799202,0.00032392206956931687
4153515,0,192.36251831054688,-86.2626724243164,-0.027006415650248528,0.0002829739603778491
4153516,0,192.36251831054688,-86.26268005371094,-0.026030387729406357,0.00024675589549675556
4153517,0,192.36251831054688,-86.2626953125,-0.02521549165248871,0.0002152016298050739
4153518,0,192.36253356933594,-86.2626953125,-0.024536781013011932,0.00018735340692182986
4153519,0,192.36253356933594,-86.26270294189453,-0.0239728931337595,0.00016290265466456643
4153520,0,192.36253356933594,-86.26270294189453,-0.023505477234721184,0.00014195732803764315
4153521,0,192.36253356933594,-86.26271057128906,-0.023118704557418823,0.00012339809256504334
4153522,0,192.36253356933594,-86.26271057128906,-0.022799339145421982,0.00010741644976990896
4153523,0,192.362548828125,-86.26271057128906,-0.02253604866564274,9.375774645037512e-05
4153524,0,192.362548828125,-86.26271057128906,-0.022319259122014046,8.157621336218753e-05
4153525,0,192.362548828125,-86.26272583007812,-0.022141074761748314,7.1070278225323e-05
4153526,0,192.362548828125,-86.26272583007812,-0.0219948198646307,6.177624494804052e-05
4153527,0,192.362548828125,-86.26272583007812,-0.02187499962747097,5.36273320003312e-05
4153528,0,192.362548828125,-86.26272583007812,-0.02177680842578411,4.6709375328120156e-05
4153529,0,192.362548828125,-86.26272583007812,-0.02169654704630375,4.0396409804482575e-05
4153530,0,192.362548828125,-86.26272583007812,-0.02163093537092209,3.544871747348284e-05
4153531,0,192.362548828125,-86.26272583007812,-0.0215773768723011,3.0824972973464535e-05
4153532,0,192.362548828125,-86.26272583007812,-0.0215773768723011,0.0
4153533,0,192.362548828125,-86.26272583007812,-0.021541861817240715,3.365565873279728e-06
4153534,0,192.362548828125,-86.26272583007812,-0.021525496616959572,2.888365380624741e-06
4153535,0,192.362548828125,-86.26272583007812,-0.02150745317339897,2.9622160705366604e-06
4153536,0,192.362548828125,-86.26272583007812,-0.021489180624485016,2.8382961993625054e-06
4153537,0,192.362548828125,-86.26272583007812,-0.021471481770277023,2.6013948904772566e-06
4153538,0,192.362548828125,-86.26272583007812,-0.021454887464642525,2.3659008272334853e-06
4153539,0,192.362548828125,-86.26272583007812,-0.021439742296934128,2.1061393975145155e-06
4153540,0,192.362548828125,-86.26272583007812,-0.021426161751151085,1.8590190904259764e-06
4153541,0,192.362548828125,-86.26272583007812,-0.02141410857439041,1.6342089554018406e-06
4153542,0,192.362548828125,-86.26272583007812,-0.02140357904136181,1.4258013615700476e-06
4153543,0,192.362548828125,-86.26272583007812,-0.021394461393356323,1.1711843323035584e-06
4153544,0,192.362548828125,-86.26272583007812,-0.02138652838766575,1.0681442322593396e-06
4153545,0,192.362548828125,-86.26272583007812,-0.02137981355190277,9.530927348603927e-07
4153546,0,192.362548828125,-86.26273345947266,-0.021374015137553215,8.015580017790169e-07
4153547,0,192.362548828125,-86.26273345947266,-0.021369170397520065,6.990871063329784e-07
4153548,0,192.362548828125,-86.26273345947266,-0.021365050226449966,5.66617937579046e-07
4153549,0,192.362548828125,-86.26273345947266,-0.021365050226449966,0.0
4153550,0,192.362548828125,-86.26273345947266,-0.021362189203500748,3.693206197398011e-07
4153551,0,192.362548828125,-86.26273345947266,-0.021360816434025764,3.826393452517083e-07
4153552,0,192.362548828125,-86.26273345947266,-0.021359214559197426,3.3135615991569414e-07
4153553,0,192.362548828125,-86.26273345947266,-0.021357573568820953,2.9846097646009806e-07
4153554,0,192.362548828125,-86.26273345947266,-0.021356048062443733,3.2769564632019035e-07
4153555,0,192.362548828125,-86.26273345947266,-0.021354559808969498,1.7598679727480608e-07
4153556,0,192.362548828125,-86.26273345947266,-0.021353187039494514,2.9331404162804207e-07
4153557,0,192.362548828125,-86.26273345947266,-0.021352004259824753,1.8551305159758693e-07
4153558,0,192.362548828125,-86.26273345947266,-0.021350974217057228,2.4910385196630294e-07
4153559,0,192.362548828125,-86.26273345947266,-0.021350974217057228,1.5543706351584826e-07
4153560,0,192.362548828125,-86.26273345947266,-0.021349219605326653,1.694608239507384e-07
4153561,0,192.362548828125,-86.26273345947266,-0.021349219605326653,1.1757898256766944e-07
4153562,0,192.362548828125,-86.26273345947266,-0.021347884088754654,9.90514171070014e-08
4153563,0,192.362548828125,-86.26273345947266,-0.021347884088754654,8.210015275289665e-08
4153564,0,192.362548828125,-86.26273345947266,-0.021347884088754654,4.51848422222823e-08
4153565,0,192.362548828125,-86.26273345947266,-0.021346474066376686,4.1529685825082906e-08
4153566,0,192.362548828125,-86.26273345947266,-0.021346474066376686,0.0
4153567,0,192.362548828125,-86.26273345947266,-0.021346474066376686,8.049914724741441e-08
4153568,0,192.362548828125,-86.26273345947266,-0.021346474066376686,5.33088946523801e-08
4153569,0,192.362548828125,-86.26273345947266,-0.021346474066376686,7.571838020340772e-08
4153570,0,192.362548828125,-86.26273345947266,-0.021346474066376686,5.2752724796838206e-08
4153571,0,192.362548828125,-86.26273345947266,-0.021346474066376686,8.229474623647617e-08
4153572,0,192.362548828125,-86.26273345947266,-0.021346474066376686,1.0030583067562889e-07
4153573,0,192.362548828125,-86.26273345947266,-0.021346474066376686,2.6687287802627114e-08
4153574,0,192.362548828125,-86.26273345947266,-0.021345404908061028,9.317246704329868e-08
4153575,0,192.362548828125,-86.26273345947266,-0.021345404908061028,1.4812898117718565e-08
4153576,0,192.362548828125,-86.26273345947266,-0.021345404908061028,4.78881412449128e-08
4153577,0,192.362548828125,-86.26273345947266,-0.021345404908061028,8.306462737605594e-08
4153578,0,192.362548828125,-86.26273345947266,-0.021345404908061028,1.0974409460094234e-07
4153579,0,192.362548828125,-86.26271057128906,-0.02134380303323269,0.0013496413295476747
4153580,0,192.36260986328125,-86.25659942626953,-0.021463965997099876,0.3192977114528569
4153581,0,192.36280822753906,-86.2426528930664,-0.021667594090104103,0.627466005025488
4153582,0,192.36306762695312,-86.22117614746094,-0.02190597541630268,0.9252700727023706
4153583,0,192.36337280273438,-86.19245147705078,-0.02214874140918255,1.2124472249160718
4153584,0,192.36378479003906,-86.15675354003906,-0.02237827330827713,1.48887614662292
4153585,0,192.36428833007812,-86.11437225341797,-0.022584417834877968,1.7545379729671693
4153586,0,192.36485290527344,-86.0655746459961,-0.022762754932045937,2.009508903092704
4153587,0,192.36550903320312,-86.01061248779297,-0.022911833599209785,2.2539372255538117
4153588,0,192.36622619628906,-85.94977569580078,-0.02303222566843033,2.4880351845528423
4153589,0,192.3669891357422,-85.88330078125,-0.02312568575143814,2.71206524568951
4153590,0,192.36782836914062,-85.81141662597656,-0.0231948085129261,2.9263482211000245
4153591,0,192.3687286376953,-85.73435974121094,-0.02324226312339306,3.131229061985487
4153592,0,192.36965942382812,-85.65238952636719,-0.023270567879080772,3.327084209482794
4153593,0,192.37066650390625,-85.56568145751953,-0.02328266017138958,3.514307063840593
4153594,0,192.37168884277344,-85.4744644165039,-0.023280944675207138,3.6933063004805313
4153595,0,192.37277221679688,-85.37892150878906,-0.023267554119229317,3.864497361361014
4153596,0,192.37388610839844,-85.27925872802734,-0.023244665935635567,4.028391590884965
4153597,0,192.37503051757812,-85.17562103271484,-0.02321426384150982,4.185659635391892
4153598,0,192.376220703125,-85.06816864013672,-0.023177871480584145,4.336732749570652
4153599,0,192.37745666503906,-84.95704650878906,-0.023137053474783897,4.481927844403511
4153600,0,192.3787078857422,-84.84242248535156,-0.023093070834875107,4.621539802382673
4153601,0,192.38002014160156,-84.72440338134766,-0.02304687537252903,4.755868529162367
4153602,0,192.38131713867188,-84.60311126708984,-0.022998923435807228,4.885200150252073
4153603,0,192.38267517089844,-84.47869110107422,-0.02295040152966976,5.009820757208728
4153604,0,192.38406372070312,-84.35121154785156,-0.022639960050582886,5.131123368036689
4153605,0,192.38548278808594,-84.22078704833984,-0.022439269348978996,5.247685468023935
4153606,0,192.38694763183594,-84.0875244140625,-0.02231033332645893,5.360307406324556
4153607,0,192.38845825195312,-83.9515151977539,-0.02222755365073681,5.469227977839004
4153608,0,192.3900146484375,-83.81285095214844,-0.022173957899212837,5.574693389664388
4153609,0,192.3916015625,-83.6716079711914,-0.022138366475701332,5.67690188844933
4153610,0,192.3932342529297,-83.52786254882812,-0.02211349457502365,5.776096861746617
4153611,0,192.3949432373047,-83.3816909790039,-0.02209491655230522,5.87247296127662
4153612,0,192.39669799804688,-83.233154296875,-0.022079352289438248,5.966228745024252
4153613,0,192.39852905273438,-83.08232116699219,-0.02206527628004551,6.057511879961644
4153614,0,192.40045166015625,-82.92924499511719,-0.022051429376006126,6.146511619597822
4153615,0,192.40243530273438,-82.77399444580078,-0.022037658840417862,6.233383968812328
4153616,0,192.40451049804688,-82.61659240722656,-0.02202354371547699,6.318247686583255
4153617,0,192.4066619873047,-82.45711517333984,-0.022008895874023438,6.401249063393707
4153618,0,192.4088897705078,-82.29559326171875,-0.021993979811668396,6.482507398300319
4153619,0,192.41114807128906,-82.132080078125,-0.02197876013815403,6.562131508419653
4153620,0,192.41346740722656,-81.96659088134766,-0.02196330949664116,6.640237884562138
4153621,0,192.41583251953125,-81.79917907714844,-0.02194797433912754,6.716906630277538
4153622,0,192.418212890625,-81.6298828125,-0.02193271555006504,6.792225056558337
4153623,0,192.42063903808594,-81.4587173461914,-0.02191764861345291,6.866262659018217
4153624,0,192.42308044433594,-81.28572845458984,-0.02190273255109787,6.939117991431338
4153625,0,192.42550659179688,-81.1109390258789,-0.02188827469944954,7.0108652983694775
4153626,0,192.4279022216797,-80.93437194824219,-0.021874235942959785,7.081555202070308
4153627,0,192.43028259277344,-80.75605010986328,-0.021860579028725624,7.15124258697522
4153628,0,192.43264770507812,-80.57600402832031,-0.02184734307229519,7.2199599832124655
4153629,0,192.43499755859375,-80.3942642211914,-0.02183479256927967,7.28778860635188
4153630,0,192.4373016357422,-80.21083068847656,-0.021822508424520493,7.354773112599612
4153631,0,192.43959045410156,-80.02574920654297,-0.021810950711369514,7.420933313184303
4153632,0,192.44175720214844,-79.83905029296875,-0.021799201145768166,7.484863479271768
4153633,0,192.44395446777344,-79.6507568359375,-0.021787719801068306,7.548790034320179
4153634,0,192.44625854492188,-79.46085357666016,-0.021777229383587837,7.612750258520635
4153635,0,192.44879150390625,-79.26937103271484,-0.021767310798168182,7.675843048338968
4153636,0,192.45159912109375,-79.07633209228516,-0.021758003160357475,7.7383599087905965
4153637,0,192.45460510253906,-78.88174438476562,-0.02174915187060833,7.8003065074795614
4153638,0,192.45779418945312,-78.68561553955078,-0.021740645170211792,7.861234891000291
4153639,0,192.46109008789062,-78.4880142211914,-0.021731719374656677,7.920111155322545
4153640,0,192.46444702148438,-78.29017639160156,-0.021695327013731003,7.911091433364954
4153641,0,192.46786499023438,-78.09294128417969,-0.021630171686410904,7.890902335451299
4153642,0,192.4713592529297,-77.89580535888672,-0.021564483642578125,7.887920843246352
4153643,0,192.4748992919922,-77.6987533569336,-0.021502189338207245,7.884720895680882
4153644,0,192.47845458984375,-77.50177001953125,-0.02144542708992958,7.88155887393401
4153645,0,192.48196411132812,-77.30486297607422,-0.021394576877355576,7.878451251807442
4153646,0,192.48541259765625,-77.10802459716797,-0.0213498305529356,7.875302166797603
4153647,0,192.48878479003906,-76.91126251220703,-0.021310729905962944,7.872181055537736
4153648,0,192.4921112060547,-76.7145767211914,-0.021276626735925674,7.869077216210361
4153649,0,192.4952850341797,-76.51795196533203,-0.021247215569019318,7.8659758086434906
4153650,0,192.4984130859375,-76.32140350341797,-0.021221961826086044,7.862857327785296
4153651,0,192.5014190673828,-76.12493133544922,-0.021200180053710938,7.859756164872771
4153652,0,192.5043487548828,-75.92852783203125,-0.02118144929409027,7.8566451757425035
4153653,0,192.50721740722656,-75.73220825195312,-0.021165236830711365,7.85354150476269
4153654,0,192.51007080078125,-75.53595733642578,-0.021151503548026085,7.850440272878048
4153655,0,192.5128631591797,-75.33979034423828,-0.021139640361070633,7.8473376787397875
4153656,0,192.51565551757812,-75.14369201660156,-0.021129608154296875,7.844230338215916
4153657,0,192.5184326171875,-74.94767761230469,-0.021120833232998848,7.841133488334579
4153658,0,192.52114868164062,-74.75172424316406,-0.021113356575369835,7.8380383812868955
4153659,0,192.5238494873047,-74.55585479736328,-0.02110694907605648,7.834940501799115
4153660,0,192.5265350341797,-74.3593521118164,-0.021118812263011932,7.887187086834827
4153661,0,192.52923583984375,-74.16006469726562,-0.021182365715503693,7.997681904257328
4153662,0,192.5319061279297,-73.95806121826172,-0.02126789093017578,8.104542376102192
4153663,0,192.53456115722656,-73.75346374511719,-0.0213581845164299,8.20771340066252
4153664,0,192.53717041015625,-73.54633331298828,-0.02144397608935833,8.307375367343422
4153665,0,192.53968811035156,-73.3367919921875,-0.021520880982279778,8.403919299068658
4153666,0,192.54208374023438,-73.12489318847656,-0.021587485447525978,8.49759635143073
4153667,0,192.5443878173828,-72.91071319580078,-0.02164333313703537,8.588384730924258
4153668,0,192.5465545654297,-72.69432830810547,-0.021688956767320633,8.676104593477406
4153669,0,192.54855346679688,-72.47579193115234,-0.021725615486502647,8.76163734117116
4153670,0,192.55030822753906,-72.25524139404297,-0.02175258658826351,8.840682650146778
4153671,0,192.5517578125,-72.03292083740234,-0.021767539903521538,8.908145644025616
4153672,0,192.55279541015625,-71.80928802490234,-0.02176612801849842,8.958006130858525
4153673,0,192.55343627929688,-71.58451843261719,-0.021751975640654564,9.00166345380841
4153674,0,192.55372619628906,-71.35879516601562,-0.02172832377254963,9.03824525781233
4153675,0,192.55377197265625,-71.13224792480469,-0.0216986071318388,9.071284246886691
4153676,0,192.55360412597656,-70.9049072265625,-0.021666182205080986,9.10205815849929
4153677,0,192.55331420898438,-70.6768569946289,-0.02163272723555565,9.129676265902113
4153678,0,192.5529022216797,-70.44818878173828,-0.021598586812615395,9.153515586961658
4153679,0,192.55245971679688,-70.21900939941406,-0.021563606336712837,9.17268672942166
4153680,0,192.55197143554688,-69.98948669433594,-0.02152664214372635,9.184754912196073
4153681,0,192.55148315429688,-69.759765625,-0.021487845107913017,9.191987669459763
4153682,0,192.55101013183594,-69.52991485595703,-0.021448325365781784,9.195920689944048
4153683,0,192.5506134033203,-69.30000305175781,-0.021409643813967705,9.198266159548972
4153684,0,192.55032348632812,-69.07006072998047,-0.02137271873652935,9.198881346466903
4153685,0,192.55015563964844,-68.84012603759766,-0.021338194608688354,9.198389550839922
4153686,0,192.5501251220703,-68.61019134521484,-0.021306609734892845,9.197977341527507
4153687,0,192.55035400390625,-68.38027954101562,-0.02127830497920513,9.196745297667457
4153688,0,192.55078125,-68.15042114257812,-0.021252593025565147,9.194488318387272
4153689,0,192.5514678955078,-67.9206314086914,-0.021229248493909836,9.191736670242362
4153690,0,192.55235290527344,-67.69091796875,-0.021208228543400764,9.188259552570324
4153691,0,192.55345153808594,-67.4613037109375,-0.021189307793974876,9.184353892518981
4153692,0,192.55474853515625,-67.23180389404297,-0.021172141656279564,9.179518133175426
4153693,0,192.5562286376953,-67.00242614746094,-0.02115665376186371,9.17448901972438
4153694,0,192.55789184570312,-66.77318572998047,-0.021142806857824326,9.169293984831228
4153695,0,192.5597381591797,-66.54407501220703,-0.021130217239260674,9.163437973084594
4153696,0,192.56173706054688,-66.31513214111328,-0.021118659526109695,9.156708886514963
4153697,0,192.56385803222656,-66.08638000488281,-0.021107863634824753,9.149097137601373
4153698,0,192.5661163330078,-65.85783386230469,-0.021097488701343536,9.140842440109171
4153699,0,192.56845092773438,-65.62950134277344,-0.02108772285282612,9.131590935690069
4153700,0,192.57089233398438,-65.40143585205078,-0.021077537909150124,9.120065710708126
4153701,0,192.5734100341797,-65.17374420166016,-0.02106601744890213,9.105038372450545
4153702,0,192.5759735107422,-64.94644165039062,-0.021053466945886612,9.088894631351918
4153703,0,192.5785675048828,-64.71956634521484,-0.021040916442871094,9.072112923245456
4153704,0,192.58120727539062,-64.49309539794922,-0.02102920413017273,9.055620585096035
4153705,0,192.5838165283203,-64.2670669555664,-0.021017570048570633,9.03717133151578
4153706,0,192.58648681640625,-64.04161071777344,-0.021004371345043182,9.013465527803152
4153707,0,192.58921813964844,-63.8167839050293,-0.02098926529288292,8.987448448917558
4153708,0,192.592041015625,-63.59262466430664,-0.020973853766918182,8.961089520698899
4153709,0,192.594970703125,-63.36912536621094,-0.02095912955701351,8.934669689845704
4153710,0,192.59803771972656,-63.146297454833984,-0.020945167168974876,8.907533290772443
4153711,0,192.60121154785156,-62.92417526245117,-0.020931776612997055,8.879076773807515
4153712,0,192.60446166992188,-62.70276641845703,-0.020919378846883774,8.85051162833043
4153713,0,192.6078338623047,-62.482112884521484,-0.020907020196318626,8.81956443779888
4153714,0,192.61129760742188,-62.26231384277344,-0.020893555134534836,8.78463815069785
4153715,0,192.6148223876953,-62.04341125488281,-0.020879210904240608,8.748744596467725
4153716,0,192.618408203125,-61.82539367675781,-0.0208656694740057,8.713599682069535
4153717,0,192.6220703125,-61.60821533203125,-0.02085399627685547,8.680221222424171
4153718,0,192.62579345703125,-61.39190673828125,-0.020843658596277237,8.645109704882332
4153719,0,192.6295928955078,-61.17647171020508,-0.020834311842918396,8.610604406085514
4153720,0,192.63345336914062,-60.961669921875,-0.02083175629377365,8.59297387050179
4153721,0,192.63735961914062,-60.74693298339844,-0.020843734964728355,8.58952718918733
4153722,0,192.6413116455078,-60.53227996826172,-0.020862769335508347,8.586093953709886
4153723,0,192.64523315429688,-60.31770706176758,-0.020884361118078232,8.582670675195796
4153724,0,192.64913940429688,-60.10322570800781,-0.0209059901535511,8.579253449943023
4153725,0,192.65306091308594,-59.888832092285156,-0.020926283672451973,8.575839208508611
4153726,0,192.656982421875,-59.67451858520508,-0.020944824442267418,8.572423887247988
4153727,0,192.66091918945312,-59.460296630859375,-0.020961379632353783,8.568996675828334
4153728,0,192.664794921875,-59.24616241455078,-0.02097606658935547,8.565568471338047
4153729,0,192.668701171875,-59.03211212158203,-0.02098892256617546,8.56215170501434
4153730,0,192.6725311279297,-58.81814956665039,-0.021000061184167862,8.558745719694233
4153731,0,192.67630004882812,-58.6042594909668,-0.02100963518023491,8.555340880717932
4153732,0,192.67999267578125,-58.390472412109375,-0.02101791277527809,8.55192882205682
4153733,0,192.68365478515625,-58.176761627197266,-0.02102508582174778,8.548502578736416
4153734,0,192.68722534179688,-57.963138580322266,-0.021031150594353676,8.544994547315758
4153735,0,192.69070434570312,-57.74970626831055,-0.02103397250175476,8.533729931880282
4153736,0,192.69406127929688,-57.537132263183594,-0.021020354703068733,8.492174352947174
4153737,0,192.69723510742188,-57.326175689697266,-0.020983047783374786,8.420595102594726
4153738,0,192.7001953125,-57.117347717285156,-0.020925674587488174,8.338229849266567
4153739,0,192.70294189453125,-56.90960693359375,-0.02088336832821369,8.30714088563487
4153740,0,192.70545959472656,-56.70200729370117,-0.020870666950941086,8.304268468726608
4153741,0,192.70782470703125,-56.49394226074219,-0.02088668756186962,8.328121821273802
4153742,0,192.7100372314453,-56.28535842895508,-0.02091781608760357,8.347377227422701
4153743,0,192.7120819091797,-56.07634735107422,-0.0209531020373106,8.363399788533986
4153744,0,192.71397399902344,-55.867034912109375,-0.02098594605922699,8.373948092991167
4153745,0,192.7157440185547,-55.65752410888672,-0.021013641729950905,8.381696455782349
4153746,0,192.71734619140625,-55.44785690307617,-0.021036453545093536,8.3876226504657
4153747,0,192.71885681152344,-55.23810958862305,-0.021053122356534004,8.389509267088634
4153748,0,192.7202911376953,-55.02842330932617,-0.021063383668661118,8.386363399413835
4153749,0,192.72157287597656,-54.81889343261719,-0.021067237481474876,8.379146230876573
4153750,0,192.72279357910156,-54.609619140625,-0.02106582559645176,8.368422643817125
4153751,0,192.72386169433594,-54.40062713623047,-0.021060867235064507,8.35715366168356
4153752,0,192.72483825683594,-54.19189453125,-0.02105514518916607,8.347143804410292
4153753,0,192.72572326660156,-53.98343276977539,-0.0210487749427557,8.336079157288996
4153754,0,192.72650146484375,-53.7752571105957,-0.02104240283370018,8.324332122329178
4153755,0,192.72718811035156,-53.5674934387207,-0.021033095195889473,8.304253721972259
4153756,0,192.72776794433594,-53.36069107055664,-0.021011237055063248,8.260409043678964
4153757,0,192.728271484375,-53.15528106689453,-0.020975571125745773,8.205299665478892
4153758,0,192.7287139892578,-52.95077896118164,-0.020945128053426743,8.173910716875962
4153759,0,192.72909545898438,-52.7470588684082,-0.020921211689710617,8.139844619130587
4153760,0,192.7294464111328,-52.54458999633789,-0.020891761407256126,8.084620275915707
4153761,0,192.72984313964844,-52.343910217285156,-0.02084995247423649,8.0078188361319
4153762,0,192.73025512695312,-52.14558029174805,-0.020792236551642418,7.908962980882662
4153763,0,192.73069763183594,-51.95015335083008,-0.020717810839414597,7.787654708253229
4153764,0,192.73118591308594,-51.75820541381836,-0.020626792684197426,7.643517876346029
4153765,0,192.73167419433594,-51.5703010559082,-0.0205202866345644,7.476134105644829
4153766,0,192.7322235107422,-51.38687515258789,-0.02040286920964718,7.2952962455020804
4153767,0,192.73280334472656,-51.20807647705078,-0.020283622667193413,7.109057316375548
4153768,0,192.73345947265625,-51.03400802612305,-0.020167656242847443,6.918397726750319
4153769,0,192.734130859375,-50.86478042602539,-0.020058060064911842,6.724098301315866
4153770,0,192.73489379882812,-50.70045471191406,-0.019956473261117935,6.526713064865353
4153771,0,192.73570251464844,-50.541107177734375,-0.019863547757267952,6.326863882934578
4153772,0,192.73654174804688,-50.38677978515625,-0.01977924257516861,6.124992144376653
4153773,0,192.7373809814453,-50.23753356933594,-0.019703444093465805,5.921489706251471
4153774,0,192.7382354736328,-50.09339141845703,-0.019635772332549095,5.716696452339699
4153775,0,192.73907470703125,-49.95438003540039,-0.0195755772292614,5.510915200295576
4153776,0,192.7399444580078,-49.820526123046875,-0.019522245973348618,5.304308193714241
4153777,0,192.74081420898438,-49.69184112548828,-0.019475212320685387,5.097136259508568
4153778,0,192.74166870117188,-49.56831741333008,-0.01955871470272541,4.890660260720047
4153779,0,192.7425537109375,-49.449974060058594,-0.019703177735209465,4.683052866524598
4153780,0,192.74343872070312,-49.336814880371094,-0.01978355273604393,4.475482313579882
4153781,0,192.7443084716797,-49.22884750366211,-0.019820060580968857,4.267878855939507
4153782,0,192.74517822265625,-49.12606430053711,-0.01982753723859787,4.060392395985613
4153783,0,192.74598693847656,-49.028465270996094,-0.01981639862060547,3.8529868628724353
4153784,0,192.7467803955078,-48.93604278564453,-0.019794005900621414,3.6459670621361835
4153785,0,192.74749755859375,-48.84878158569336,-0.019765738397836685,3.439344222612686
4153786,0,192.7481231689453,-48.76668167114258,-0.019734801724553108,3.233032532469269
4153787,0,192.74868774414062,-48.68972396850586,-0.019704017788171768,3.0272155809973476
4153788,0,192.74916076660156,-48.6179084777832,-0.019674453884363174,2.8217047112151716
4153789,0,192.74957275390625,-48.55121612548828,-0.01964714005589485,2.61670542020511
4153790,0,192.74989318847656,-48.48964309692383,-0.019622573629021645,2.412280471108933
4153791,0,192.7501678466797,-48.433162689208984,-0.01960098184645176,2.2084344828948796
4153792,0,192.7504119873047,-48.38176727294922,-0.019582480192184448,2.005155024537862
4153793,0,192.75057983398438,-48.33544921875,-0.019566725939512253,1.8024066915438035
4153794,0,192.75070190429688,-48.29418182373047,-0.01955367997288704,1.6001626506962254
4153795,0,192.7507781982422,-48.25796127319336,-0.01954292319715023,1.3986121320605263
4153796,0,192.7508544921875,-48.22676467895508,-0.019534453749656677,1.1976603203193412
4153797,0,192.7509002685547,-48.200584411621094,-0.019527817144989967,0.9972419467078865
4153798,0,192.7509307861328,-48.17940139770508,-0.019522933289408684,0.7972927339167023
4153799,0,192.7509765625,-48.16320037841797,-0.019519347697496414,0.5980489597625843
4153800,0,192.75100708007812,-48.15328598022461,-0.01949111931025982,0.3292135612626102
4153801,0,192.75100708007812,-48.148738861083984,-0.01947505958378315,0.16228794953084094
4153802,0,192.75100708007812,-48.14870071411133,-0.01947002299129963,0.00014371408231993196
4153803,0,192.75100708007812,-48.14863586425781,-0.019562873989343643,0.0006437824574348475
4153804,0,192.75100708007812,-48.14854431152344,-0.019702034071087837,0.000861521337965521
4153805,0,192.75100708007812,-48.14842987060547,-0.019861526787281036,0.0009508882597214398
4153806,0,192.75100708007812,-48.148319244384766,-0.020025329664349556,0.0009604132772244538
4153807,0,192.75100708007812,-48.14821243286133,-0.020183945074677467,0.0009221431842482626
4153808,0,192.75100708007812,-48.14811325073242,-0.020331915467977524,0.0008571133268408631
4153809,0,192.75100708007812,-48.14802169799805,-0.020466459915041924,0.0007790923977772746
4153810,0,192.75100708007812,-48.14794158935547,-0.020587120205163956,0.0006969495156704268
4153811,0,192.75100708007812,-48.14788055419922,-0.020693626254796982,0.0006161028648006272
4153812,0,192.75100708007812,-48.14781188964844,-0.02078685723245144,0.0005396796267707217
4153813,0,192.75100708007812,-48.14775848388672,-0.02086799591779709,0.00046943033858249945
4153814,0,192.75100708007812,-48.147708892822266,-0.020938033238053322,0.0004060938834277726
4153815,0,192.75100708007812,-48.14767074584961,-0.020998496562242508,0.0003496944528825597
4153816,0,192.75100708007812,-48.147640228271484,-0.021050261333584785,0.00030017614608749093
4153817,0,192.75100708007812,-48.14761734008789,-0.0210945513099432,0.0002568985443192506
4153818,0,192.75100708007812,-48.14759063720703,-0.021132392808794975,0.00021937228459723086
4153819,0,192.75100708007812,-48.1475715637207,-0.021164625883102417,0.00018697090862386726
4153820,0,192.75100708007812,-48.14754867553711,-0.021192055195569992,0.00015911741336816572
4153821,0,192.75100708007812,-48.14753341674805,-0.02121536247432232,0.00013526154686511666
4153822,0,192.75100708007812,-48.14751434326172,-0.02123519778251648,0.00011487095439533402
4153823,0,192.75100708007812,-48.14751434326172,-0.021238211542367935,3.775553900418942e-05
4153824,0,192.75100708007812,-48.14751052856445,-0.02124626189470291,5.1916995334125235e-05
4153825,0,192.75100708007812,-48.147499084472656,-0.02125568315386772,5.813161933283584e-05
4153826,0,192.75100708007812,-48.14748764038086,-0.021265411749482155,5.896948036170518e-05
4153827,0,192.75100708007812,-48.147483825683594,-0.021274909377098083,5.672343667130819e-05
4153828,0,192.75100708007812,-48.14747619628906,-0.02128375880420208,5.2663963538381786e-05
4153829,0,192.75100708007812,-48.14746856689453,-0.02129184640944004,4.777942706232055e-05
4153830,0,192.75100708007812,-48.147464752197266,-0.021299093961715698,4.266083622838682e-05
4153831,0,192.75100708007812,-48.1474609375,-0.021305503323674202,3.7667823869017737e-05
4153832,0,192.75100708007812,-48.14745330810547,-0.02131114900112152,3.292013989430843e-05
4153833,0,192.75100708007812,-48.1474494934082,-0.02131607010960579,2.855559499194652e-05
4153834,0,192.75100708007812,-48.14744567871094,-0.021320266649127007,2.469238255105991e-05
4153835,0,192.75100708007812,-48.14744567871094,-0.02132388949394226,2.1206954824573055e-05
4153836,0,192.75100708007812,-48.14744186401367,-0.02132701873779297,1.820932207973089e-05
4153837,0,192.75100708007812,-48.14744186401367,-0.021329687908291817,1.5582361554574326e-05
4153838,0,192.75100708007812,-48.14743423461914,-0.02133197709918022,1.3271071322579113e-05
4153839,0,192.75100708007812,-48.14743423461914,-0.021333923563361168,1.1291390172383921e-05
4153840,0,192.75100708007812,-48.14743423461914,-0.021333923563361168,3.7795216761867003e-06
4153841,0,192.75100708007812,-48.14743423461914,-0.02133502997457981,5.179043528672247e-06
4153842,0,192.75100708007812,-48.14743423461914,-0.02133502997457981,5.782090218468548e-06
4153843,0,192.75100708007812,-48.14743423461914,-0.02133689820766449,5.853785583125942e-06
4153844,0,192.75100708007812,-48.147430419921875,-0.021337851881980896,5.629471020393437e-06
4153845,0,192.75100708007812,-48.147430419921875,-0.021337851881980896,5.219455449053831e-06
4153846,0,192.75100708007812,-48.147430419921875,-0.021339530125260353,4.716163874620889e-06
4153847,0,192.75100708007812,-48.147430419921875,-0.021339530125260353,4.2225823489487006e-06
4153848,0,192.75100708007812,-48.147430419921875,-0.02134086564183235,3.7497743745603967e-06
4153849,0,192.75100708007812,-48.147430419921875,-0.02134086564183235,3.2574029227723303e-06
4153850,0,192.75100708007812,-48.147430419921875,-0.02134193293750286,2.8244531336546213e-06
4153851,0,192.75100708007812,-48.147430419921875,-0.02134193293750286,2.4326287818473492e-06
4153852,0,192.75100708007812,-48.147430419921875,-0.02134193293750286,2.0846451852031382e-06
4153853,0,192.75100708007812,-48.147430419921875,-0.021342962980270386,1.831269704924052e-06
4153854,0,192.75100708007812,-48.147430419921875,-0.021342962980270386,1.5188023875303109e-06
4153855,0,192.75100708007812,-48.147430419921875,-0.021342962980270386,1.2909829117939938e-06
4153856,0,192.75100708007812,-48.147430419921875,-0.021342962980270386,1.0911724822539131e-06
4153857,0,192.75100708007812,-48.147430419921875,-0.021342962980270386,3.89612608756506e-07
4153858,0,192.75100708007812,-48.14742660522461,-0.021343763917684555,5.216375441370068e-07
4153859,0,192.75100708007812,-48.14742660522461,-0.021343763917684555,5.871189248114104e-07
4153860,0,192.75100708007812,-48.14742660522461,-0.021343763917684555,5.886190997433172e-07
4153861,0,192.75100708007812,-48.14742660522461,-0.021343763917684555,5.399553560144191e-07
4153862,0,192.75100708007812,-48.14742660522461,-0.021343763917684555,5.070857560388856e-07
4153863,0,192.75100708007812,-48.14742660522461,-0.021343763917684555,4.655386130472354e-07
4153864,0,192.75100708007812,-48.14742660522461,-0.021343763917684555,4.0993686045264077e-07
4153865,0,192.75100708007812,-48.14742660522461,-0.021343763917684555,3.54609077540501e-07
4153866,0,192.75100708007812,-48.14742660522461,-0.021343763917684555,3.2328146756336166e-07
4153867,0,192.75100708007812,-48.147640228271484,-0.021338270977139473,0.016801909212604712
4153868,0,192.75100708007812,-48.1473388671875,-0.021344643086194992,0.012028384003762266
4153869,0,192.75100708007812,-48.14683532714844,-0.02135189063847065,0.002467328485046329
4153870,0,192.75100708007812,-48.145965576171875,-0.021362457424402237,0.01603843458613686
4153871,0,192.75100708007812,-48.14433670043945,-0.02138107270002365,0.053664894822613385
4153872,0,192.75094604492188,-48.14101791381836,-0.0214239489287138,0.14567821608176512
4153873,0,192.75091552734375,-48.13639450073242,-0.021469229832291603,0.19699155594104076
4153874,0,192.75086975097656,-48.13050079345703,-0.02151256427168846,0.24635827579421687
4153875,0,192.75083923339844,-48.12348175048828,-0.021550331264734268,0.290148353793327
4153876,0,192.75079345703125,-48.11516571044922,-0.021585922688245773,0.3438688602764194
4153877,0,192.7508087158203,-48.10508346557617,-0.021626777946949005,0.41156759281205785
4153878,0,192.7508544921875,-48.09262466430664,-0.02167942002415657,0.5069676729657792
4153879,0,192.7509002685547,-48.07823944091797,-0.02172859199345112,0.5870997427229588
4153880,0,192.7509307861328,-48.06134796142578,-0.021785659715533257,0.696477740000184
4153881,0,192.75099182128906,-48.04368591308594,-0.021808624267578125,0.7056785834543133
4153882,0,192.75100708007812,-48.02605438232422,-0.021799888461828232,0.7054452668163572
4153883,0,192.75103759765625,-48.008445739746094,-0.021772993728518486,0.705200341039749
4153884,0,192.75106811523438,-47.990848541259766,-0.021736830472946167,0.7049540668103863
4153885,0,192.75108337402344,-47.97325897216797,-0.021696968004107475,0.7047016711210736
4153886,0,192.75112915039062,-47.95568084716797,-0.021656837314367294,0.7044487201942317
4153887,0,192.7511749267578,-47.93810272216797,-0.02161838486790657,0.7041842892870956
4153888,0,192.751220703125,-47.920536041259766,-0.021582946181297302,0.7039297885415032
4153889,0,192.7512664794922,-47.90296936035156,-0.021550863981246948,0.7036665213926834
4153890,0,192.75128173828125,-47.88540267944336,-0.021522177383303642,0.7034092538674088
4153891,0,192.75132751464844,-47.86784744262695,-0.021496925503015518,0.7031547810028201
4153892,0,192.7513427734375,-47.85029220581055,-0.021474914625287056,0.7029000623537521
4153893,0,192.75135803222656,-47.83273696899414,-0.021455802023410797,0.7026448719318515
4153894,0,192.7514190673828,-47.81519317626953,-0.021439246833324432,0.7023917109316885
4153895,0,192.75146484375,-47.79764938354492,-0.02142505533993244,0.7021372318720298
4153896,0,192.75149536132812,-47.78010940551758,-0.021413002163171768,0.7018830361894951
4153897,0,192.75155639648438,-47.76258087158203,-0.021402548998594284,0.7016269789785362
4153898,0,192.75160217285156,-47.74504852294922,-0.021393660455942154,0.7013734562128698
4153899,0,192.7516632080078,-47.72752380371094,-0.021386146545410156,0.7011197483873562
4153900,0,192.75167846679688,-47.71000289916992,-0.021379699930548668,0.7008625831555003
4153901,0,192.75173950195312,-47.69235610961914,-0.02137748710811138,0.711358776417993
4153902,0,192.7517852783203,-47.67317581176758,-0.021403389051556587,0.7823490212680189
4153903,0,192.7518310546875,-47.65230178833008,-0.021446112543344498,0.8494012850298991
4153904,0,192.7518768310547,-47.62995529174805,-0.021492118015885353,0.9046651374864075
4153905,0,192.75192260742188,-47.60601806640625,-0.021541327238082886,0.972837098227935
4153906,0,192.75196838378906,-47.58007049560547,-0.02159736678004265,1.0570083529151613
4153907,0,192.7520294189453,-47.55201721191406,-0.021656149998307228,1.1413003940013797
4153908,0,192.75205993652344,-47.52186965942383,-0.021713294088840485,1.2249319209591223
4153909,0,192.7521209716797,-47.48964309692383,-0.021766776219010353,1.3081748102938575
4153910,0,192.75218200683594,-47.455345153808594,-0.021815642714500427,1.391153418519879
4153911,0,192.7522430419922,-47.418983459472656,-0.021859129890799522,1.4739545051380842
4153912,0,192.75230407714844,-47.380550384521484,-0.02189762145280838,1.5566405529750942
4153913,0,192.75238037109375,-47.34006118774414,-0.021931380033493042,1.6392558270462743
4153914,0,192.75244140625,-47.297508239746094,-0.021960487589240074,1.721825435641845
4153915,0,192.7525177001953,-47.25289535522461,-0.021985739469528198,1.8043978157589826
4153916,0,192.75259399414062,-47.206214904785156,-0.022007444873452187,1.88697749013371
4153917,0,192.75271606445312,-47.15747833251953,-0.02202606201171875,1.9695747192217723
4153918,0,192.75282287597656,-47.10667419433594,-0.022042082622647285,2.0522110462400356
4153919,0,192.75294494628906,-47.05381393432617,-0.022055892273783684,2.1348898888970433
4153920,0,192.75308227539062,-46.99888229370117,-0.022067831829190254,2.2176186969181266
4153921,0,192.7532196044922,-46.94187927246094,-0.022078055888414383,2.300402934843131
4153922,0,192.75335693359375,-46.8828125,-0.022086868062615395,2.3832394189396444
4153923,0,192.75350952148438,-46.82167434692383,-0.022094421088695526,2.466150966871248
4153924,0,192.753662109375,-46.75845718383789,-0.022100981324911118,2.5491285586939805
4153925,0,192.75384521484375,-46.69316864013672,-0.02210674248635769,2.6321757041715843
4153926,0,192.75401306152344,-46.62580108642578,-0.022111739963293076,2.715293727673184
4153927,0,192.75421142578125,-46.55635070800781,-0.022116050124168396,2.798479314275838
4153928,0,192.75442504882812,-46.48482131958008,-0.022119788452982903,2.881746999971158
4153929,0,192.75466918945312,-46.41121292114258,-0.022123144939541817,2.9650868879839196
4153930,0,192.75489807128906,-46.33552169799805,-0.02212623506784439,3.048463038556747
4153931,0,192.75515747070312,-46.25774383544922,-0.022128866985440254,3.1318045132969194
4153932,0,192.7554473876953,-46.17789077758789,-0.02213115617632866,3.2150241250460816
4153933,0,192.75575256347656,-46.09595489501953,-0.022133026272058487,3.298094393571583
4153934,0,192.75608825683594,-46.01194763183594,-0.022134512662887573,3.380951465766584
4153935,0,192.75648498535156,-45.925872802734375,-0.02213565818965435,3.4635539683473104
4153936,0,192.75689697265625,-45.83774185180664,-0.022136343643069267,3.545859360809685
4153937,0,192.75732421875,-45.74755859375,-0.022136611863970757,3.6278652407219303
4153938,0,192.75778198242188,-45.655330657958984,-0.022136572748422623,3.7095312121608406
4153939,0,192.75830078125,-45.561073303222656,-0.022135963663458824,3.7908892051511662
4153940,0,192.75888061523438,-45.46478271484375,-0.02213519997894764,3.871877315091032
4153941,0,192.75950622558594,-45.366477966308594,-0.02213420905172825,3.9524529427055284
4153942,0,192.76019287109375,-45.26616287231445,-0.02213260531425476,4.0326277440360405
4153943,0,192.76095581054688,-45.163856506347656,-0.022130966186523438,4.11247464496093
4153944,0,192.76174926757812,-45.0595588684082,-0.02212901972234249,4.191928945075972
4153945,0,192.76266479492188,-44.953285217285156,-0.022126922383904457,4.270995831191569
4153946,0,192.763671875,-44.84503936767578,-0.022124633193016052,4.349651089548134
4153947,0,192.76473999023438,-44.734832763671875,-0.022122077643871307,4.4278901844594145
4153948,0,192.76585388183594,-44.62268829345703,-0.022119369357824326,4.505703042200639
4153949,0,192.7670440673828,-44.508602142333984,-0.022116508334875107,4.583099583820608
4153950,0,192.768310546875,-44.39258575439453,-0.022113608196377754,4.660052787992533
4153951,0,192.76966857910156,-44.274658203125,-0.022110404446721077,4.736598498984604
4153952,0,192.77105712890625,-44.15482711791992,-0.0221072006970644,4.812736343818577
4153953,0,192.7725372314453,-44.033103942871094,-0.022103995084762573,4.888455265520343
4153954,0,192.7740936279297,-43.90949630737305,-0.022100485861301422,4.963683936467675
4153955,0,192.7757568359375,-43.78400802612305,-0.02195362001657486,5.038813877345981
4153956,0,192.7775115966797,-43.656654357910156,-0.021754225715994835,5.1133352075396905
4153957,0,192.77938842773438,-43.52744674682617,-0.021640243008732796,5.187402262913396
4153958,0,192.7813262939453,-43.39639663696289,-0.021581610664725304,5.261117631735494
4153959,0,192.78330993652344,-43.26350402832031,-0.02155761606991291,5.334391559831825
4153960,0,192.7853240966797,-43.12879943847656,-0.02155490778386593,5.407271042201007
4153961,0,192.78738403320312,-42.992271423339844,-0.021564560011029243,5.480224740391164
4153962,0,192.7894287109375,-42.85557556152344,-0.02154487557709217,5.472894429245491
4153963,0,192.7914276123047,-42.718929290771484,-0.02150772139430046,5.469120229320717
4153964,0,192.79335021972656,-42.58233642578125,-0.02146373689174652,5.466381749987081
4153965,0,192.7952423095703,-42.44580078125,-0.021418800577521324,5.463989710617262
4153966,0,192.7970733642578,-42.30930709838867,-0.021376188844442368,5.46176847785741
4153967,0,192.79879760742188,-42.17286682128906,-0.021337050944566727,5.459576079869406
4153968,0,192.80044555664062,-42.03646469116211,-0.021302031353116035,5.457461936698754
4153969,0,192.80198669433594,-41.90011215209961,-0.021271247416734695,5.45534573389445
4153970,0,192.80345153808594,-41.76380920410156,-0.02124408632516861,5.453259777842699
4153971,0,192.80477905273438,-41.62754821777344,-0.021220626309514046,5.4512043384902205
4153972,0,192.8059844970703,-41.491336822509766,-0.02120029367506504,5.44912742627411
4153973,0,192.80714416503906,-41.35517501831055,-0.02118244208395481,5.447041542137595
4153974,0,192.80821228027344,-41.21906280517578,-0.02116718329489231,5.444958260738315
4153975,0,192.8092498779297,-41.0829963684082,-0.021154098212718964,5.4428703729609875
4153976,0,192.8102569580078,-40.946983337402344,-0.02114265412092209,5.4407828863763426
4153977,0,192.81124877929688,-40.81101608276367,-0.021132851019501686,5.438675451257479
4153978,0,192.81222534179688,-40.67510223388672,-0.021124418824911118,5.4365761069330025
4153979,0,192.81321716308594,-40.53923797607422,-0.021117134019732475,5.434478337735659
4153980,0,192.8142547607422,-40.40342330932617,-0.02111072465777397,5.432381668413486
4153981,0,192.81532287597656,-40.26766586303711,-0.02110523171722889,5.430308400377551
4153982,0,192.81643676757812,-40.13117599487305,-0.0211196132004261,5.489375545996425
4153983,0,192.81761169433594,-39.991729736328125,-0.021187514066696167,5.604337915425907
4153984,0,192.81886291503906,-39.84947967529297,-0.021276626735925674,5.714683165354197
4153985,0,192.8201446533203,-39.70454788208008,-0.021369552239775658,5.821049187036995
4153986,0,192.82151794433594,-39.55702590942383,-0.0214572511613369,5.923787056259962
4153987,0,192.82296752929688,-39.407005310058594,-0.021535834297537804,6.0232505278911805
4153988,0,192.824462890625,-39.25456619262695,-0.021603431552648544,6.119713208512269
4153989,0,192.8260040283203,-39.09977340698242,-0.021660156548023224,6.213446442964242
4153990,0,192.82765197753906,-38.942691802978516,-0.02170669473707676,6.304689344803565
4153991,0,192.82937622070312,-38.78337860107422,-0.02174423076212406,6.3937684624760776
4153992,0,192.83120727539062,-38.62188720703125,-0.02177383378148079,6.480831254998633
4153993,0,192.83314514160156,-38.45825958251953,-0.021796874701976776,6.5660557087310565
4153994,0,192.83518981933594,-38.292537689208984,-0.021814078092575073,6.649591556093502
4153995,0,192.83734130859375,-38.12476348876953,-0.021826591342687607,6.731602174911722
4153996,0,192.839599609375,-37.9549674987793,-0.021835098043084145,6.812261902553219
4153997,0,192.8419952392578,-37.78318405151367,-0.021840514615178108,6.891657689851547
4153998,0,192.84451293945312,-37.60943603515625,-0.021843452006578445,6.969894652298422
4153999,0,192.84710693359375,-37.43375778198242,-0.02184421569108963,7.047062040407456
4154000,0,192.84982299804688,-37.25617599487305,-0.02184322290122509,7.123270730861089
4154001,0,192.85260009765625,-37.07670211791992,-0.021841278299689293,7.198592919859576
4154002,0,192.85540771484375,-36.89536666870117,-0.021838149055838585,7.27309158689683
4154003,0,192.85826110839844,-36.712181091308594,-0.02183441072702408,7.3468274542291745
4154004,0,192.8611602783203,-36.527164459228516,-0.02182994782924652,7.419829412629163
4154005,0,192.8641357421875,-36.34033966064453,-0.02182510308921337,7.491998759890426
4154006,0,192.8671417236328,-36.1517219543457,-0.02181999199092388,7.56370374108487
4154007,0,192.87017822265625,-35.961326599121094,-0.02181468904018402,7.63459220358607
4154008,0,192.87315368652344,-35.769187927246094,-0.02180885337293148,7.704132235796508
4154009,0,192.87608337402344,-35.57532501220703,-0.021802596747875214,7.772503487235133
4154010,0,192.87893676757812,-35.379791259765625,-0.021795272827148438,7.838693107316374
4154011,0,192.8817138671875,-35.18265914916992,-0.021786421537399292,7.901886868669937
4154012,0,192.88438415527344,-34.98402404785156,-0.02177509292960167,7.960974543891046
4154013,0,192.886962890625,-34.784000396728516,-0.021760787814855576,8.015561251224147
4154014,0,192.8894500732422,-34.58265686035156,-0.02174404077231884,8.067518787393102
4154015,0,192.89183044433594,-34.380104064941406,-0.021724853664636612,8.114836641109806
4154016,0,192.89413452148438,-34.176448822021484,-0.02170310914516449,8.157856567853194
4154017,0,192.89634704589844,-33.971824645996094,-0.02167835272848606,8.19522906813366
4154018,0,192.8985137939453,-33.76638412475586,-0.021650122478604317,8.22634310259091
4154019,0,192.90061950683594,-33.56028366088867,-0.021618537604808807,8.251563752598011
4154020,0,192.90264892578125,-33.35365676879883,-0.02158374711871147,8.271103260314833
4154021,0,192.9046173095703,-33.146644592285156,-0.02154659293591976,8.285190874199381
4154022,0,192.9065399169922,-32.93942642211914,-0.021506041288375854,8.290461311743712
4154023,0,192.9084014892578,-32.73250198364258,-0.021455535665154457,8.273028431058568
4154024,0,192.91017150878906,-32.5264892578125,-0.021389350295066833,8.23097689426336
4154025,0,192.911865234375,-32.321983337402344,-0.021306190639734268,8.165408319940545
4154026,0,192.91351318359375,-32.11955261230469,-0.021206779405474663,8.077113254890596
4154027,0,192.91506958007812,-31.919757843017578,-0.021092796698212624,7.966705908524922
4154028,0,192.9165802001953,-31.7231388092041,-0.02096603438258171,7.83466130430576
4154029,0,192.91799926757812,-31.53012466430664,-0.020830955356359482,7.687818679964544
4154030,0,192.91932678222656,-31.340953826904297,-0.020694274455308914,7.531893321447559
4154031,0,192.92054748535156,-31.155826568603516,-0.02056022547185421,7.368045601708323
4154032,0,192.9216766357422,-30.97492027282715,-0.020431403070688248,7.197366865166317
4154033,0,192.9227294921875,-30.798391342163086,-0.020309600979089737,7.020744499553044
4154034,0,192.92372131347656,-30.62636947631836,-0.020195579156279564,6.838969540955858
4154035,0,192.9246826171875,-30.458967208862305,-0.02008972130715847,6.652735198043861
4154036,0,192.9255828857422,-30.296287536621094,-0.019992103800177574,6.462651728100636
4154037,0,192.9264678955078,-30.138418197631836,-0.019902611151337624,6.269245756411943
4154038,0,192.92730712890625,-29.985429763793945,-0.019821014255285263,6.0730258932411285
4154039,0,192.92811584472656,-29.83731460571289,-0.019748687744140625,5.880250140372843
4154040,0,192.92893981933594,-29.693588256835938,-0.019695434719324112,5.709676497315504
4154041,0,192.92977905273438,-29.553619384765625,-0.019668616354465485,5.565374457274558
4154042,0,192.9306182861328,-29.41588020324707,-0.019691428169608116,5.51313341303515
4154043,0,192.93150329589844,-29.278114318847656,-0.019781874492764473,5.508877593327629
4154044,0,192.9324188232422,-29.1403751373291,-0.019902000203728676,5.505929867664255
4154045,0,192.93338012695312,-29.0026798248291,-0.02003047987818718,5.503480534003648
4154046,0,192.93429565429688,-28.86504364013672,-0.020156020298600197,5.501176097810361
4154047,0,192.93515014648438,-28.727462768554688,-0.020272864028811455,5.499017561319167
4154048,0,192.9359588623047,-28.58994483947754,-0.02037864550948143,5.496925510726902
4154049,0,192.93667602539062,-28.45248794555664,-0.020472563803195953,5.494829105193207
4154050,0,192.9373321533203,-28.315092086791992,-0.020555267110466957,5.4927091146215625
4154051,0,192.9379425048828,-28.17775535583496,-0.020627327263355255,5.490609342332437
4154052,0,192.9385528564453,-28.040483474731445,-0.02068973518908024,5.4885039118311445
4154053,0,192.9391632080078,-27.90326690673828,-0.020743751898407936,5.4864063376222445
4154054,0,192.93975830078125,-27.766109466552734,-0.02079017646610737,5.484277509127094
4154055,0,192.94032287597656,-27.629018783569336,-0.020830268040299416,5.481987040166601
4154056,0,192.9408721923828,-27.491979598999023,-0.020864486694335938,5.47989103732283
4154057,0,192.94142150878906,-27.35500144958496,-0.020893897861242294,5.477713256362109
4154058,0,192.94198608398438,-27.218080520629883,-0.020919227972626686,5.475629176579063
4154059,0,192.942626953125,-27.081212997436523,-0.02094089426100254,5.473492715378522
4154060,0,192.9433135986328,-26.94440460205078,-0.020959509536623955,5.47139833133729
4154061,0,192.9440460205078,-26.807647705078125,-0.020975571125745773,5.4692424217055216
4154062,0,192.94482421875,-26.670949935913086,-0.020989149808883667,5.467053075295896
4154063,0,192.9456787109375,-26.538103103637695,-0.020917700603604317,5.269714097448587
4154064,0,192.9466094970703,-26.409626007080078,-0.020799025893211365,5.102436031283482
4154065,0,192.9475860595703,-26.28508758544922,-0.020671768113970757,4.949921980901687
4154066,0,192.94862365722656,-26.164031982421875,-0.02079162560403347,4.81049829844955
4154067,0,192.94972229003906,-26.04642677307129,-0.02083812654018402,4.673287251862231
4154068,0,192.950927734375,-25.93218421936035,-0.020838012918829918,4.53951875853443
4154069,0,192.9521484375,-25.821195602416992,-0.020810317248106003,4.410104086540074
4154070,0,192.953369140625,-25.71333122253418,-0.020768431946635246,4.286233332641129
4154071,0,192.95462036132812,-25.608470916748047,-0.02072063460946083,4.1662174129901475
4154072,0,192.9558868408203,-25.506664276123047,-0.02067001350224018,4.042618787454501
4154073,0,192.95716857910156,-25.407846450805664,-0.02062145248055458,3.9263264421966215
4154074,0,192.9584503173828,-25.31162452697754,-0.02058284729719162,3.8251407600988245
4154075,0,192.9597625732422,-25.21778106689453,-0.02055538073182106,3.731406686790099
4154076,0,192.96107482910156,-25.126136779785156,-0.020538635551929474,3.644999179750945
4154077,0,192.96243286132812,-25.03646469116211,-0.020532989874482155,3.568409703235465
4154078,0,192.96380615234375,-24.948471069335938,-0.02053951285779476,3.504178822123681
4154079,0,192.9651641845703,-24.86180305480957,-0.020558776333928108,3.454636574230778
4154080,0,192.96658325195312,-24.77604866027832,-0.02059219405055046,3.422099873784588
4154081,0,192.968017578125,-24.690763473510742,-0.02064002864062786,3.407480783261557
4154082,0,192.969482421875,-24.60552978515625,-0.020701216533780098,3.4088016347957706
4154083,0,192.97097778320312,-24.520004272460938,-0.020773429423570633,3.4233157808815275
4154084,0,192.9724578857422,-24.433902740478516,-0.020853538066148758,3.448557230974711
4154085,0,192.97398376464844,-24.34700584411621,-0.02093856781721115,3.482565476715566
4154086,0,192.97552490234375,-24.25911521911621,-0.02102569490671158,3.5238485424787434
4154087,0,192.9771270751953,-24.17008399963379,-0.021112823858857155,3.5709913668961257
4154088,0,192.978759765625,-24.07978630065918,-0.021197890862822533,3.622811948325081
4154089,0,192.98046875,-23.988122940063477,-0.02127956412732601,3.678686068147305
4154090,0,192.98220825195312,-23.89499855041504,-0.021357154473662376,3.737938102428152
4154091,0,192.98402404785156,-23.80034828186035,-0.021429670974612236,3.7999609232579976
4154092,0,192.98587036132812,-23.704111099243164,-0.021497230976819992,3.864256829699116
4154093,0,192.98780822753906,-23.60623550415039,-0.0215593334287405,3.930409185312741
4154094,0,192.98980712890625,-23.506698608398438,-0.021615752950310707,3.9967830108869533
4154095,0,192.99183654785156,-23.405574798583984,-0.021664924919605255,4.059631275480798
4154096,0,192.99392700195312,-23.302955627441406,-0.02170562744140625,4.118834712095155
4154097,0,192.9960479736328,-23.198930740356445,-0.021738089621067047,4.174540742882041
4154098,0,192.99826049804688,-23.093605041503906,-0.021762123331427574,4.2253948369114385
4154099,0,193.00048828125,-22.98716163635254,-0.021776655688881874,4.268223044685966
4154100,0,193.002685546875,-22.879968643188477,-0.021778030321002007,4.293426852248445
4154101,0,193.00489807128906,-22.77264404296875,-0.021760253235697746,4.2925672365166685
4154102,0,193.00711059570312,-22.665605545043945,-0.021725691854953766,4.280772180472225
4154103,0,193.00930786132812,-22.558847427368164,-0.021682776510715485,4.26978577874572
4154104,0,193.01150512695312,-22.452404022216797,-0.021636467427015305,4.256939259130871
4154105,0,193.01370239257812,-22.34625244140625,-0.021590841934084892,4.246023345587279
4154106,0,193.01593017578125,-22.240262985229492,-0.02155017852783203,4.240988994957004
4154107,0,193.01820373535156,-22.134227752685547,-0.021518172696232796,4.24504011126311
4154108,0,193.0205841064453,-22.02788543701172,-0.02149765007197857,4.259804798404141
4154109,0,193.02304077148438,-21.92099380493164,-0.021488914266228676,4.2834795356993185
4154110,0,193.0255889892578,-21.813364028930664,-0.021490897983312607,4.314598042922156
4154111,0,193.0281524658203,-21.704830169677734,-0.021501770243048668,4.3518833787513325
4154112,0,193.03077697753906,-21.595260620117188,-0.02152000367641449,4.394342715114412
4154113,0,193.03343200683594,-21.484542846679688,-0.02154369279742241,4.441105212924372
4154114,0,193.0361328125,-21.372589111328125,-0.02157081477344036,4.491466103304532
4154115,0,193.038818359375,-21.259315490722656,-0.021600302308797836,4.544872605311831
4154116,0,193.04150390625,-21.1446533203125,-0.02163085900247097,4.600889772052254
4154117,0,193.04421997070312,-21.028549194335938,-0.02166164293885231,4.6590246149219405
4154118,0,193.04690551757812,-20.910959243774414,-0.02169197052717209,4.718980443751684
4154119,0,193.04962158203125,-20.79184341430664,-0.021721268072724342,4.7804829641585
4154120,0,193.0523223876953,-20.671161651611328,-0.0217493437230587,4.843265474697412
4154121,0,193.0549774169922,-20.548891067504883,-0.021775664761662483,4.907150762583406
4154122,0,193.05755615234375,-20.425161361694336,-0.021796608343720436,4.959647816940197
4154123,0,193.06005859375,-20.301177978515625,-0.021791113540530205,4.9602021638305684
4154124,0,193.06246948242188,-20.177249908447266,-0.02176647074520588,4.958327728013758
4154125,0,193.0647735595703,-20.05337905883789,-0.021731719374656677,4.956438406833628
4154126,0,193.06698608398438,-19.929553985595703,-0.021692732349038124,4.954537874547639
4154127,0,193.06912231445312,-19.80577850341797,-0.021652907133102417,4.952534149996287
4154128,0,193.07110595703125,-19.68204689025879,-0.021614912897348404,4.950680218764015
4154129,0,193.072998046875,-19.558359146118164,-0.02157943695783615,4.948747339730784
4154130,0,193.07476806640625,-19.43471336364746,-0.02154739387333393,4.9468871651959105
4154131,0,193.07640075683594,-19.31110954284668,-0.02151866815984249,4.944984250860881
4154132,0,193.07791137695312,-19.187551498413086,-0.021493377164006233,4.943109694916289
4154133,0,193.07931518554688,-19.06403350830078,-0.021471329033374786,4.941290004313369
4154134,0,193.08059692382812,-18.94055938720703,-0.021452216431498528,4.939428376477854
4154135,0,193.081787109375,-18.817127227783203,-0.021435584872961044,4.937511695481785
4154136,0,193.0829315185547,-18.693740844726562,-0.02142127975821495,4.935661897981649
4154137,0,193.08395385742188,-18.570398330688477,-0.02140907198190689,4.933797677881923
4154138,0,193.08493041992188,-18.447101593017578,-0.02139865793287754,4.931906999002731
4154139,0,193.08587646484375,-18.3238525390625,-0.021389808505773544,4.929945554114871
4154140,0,193.0867462158203,-18.200647354125977,-0.021382063627243042,4.92806260031376
4154141,0,193.08753967285156,-18.077489852905273,-0.021375617012381554,4.92621329147549
4154142,0,193.08824157714844,-17.954376220703125,-0.021370047703385353,4.924331482132059
4154143,0,193.08889770507812,-17.829818725585938,-0.021395836025476456,5.0079971223428155
4154144,0,193.0895538330078,-17.70257568359375,-0.021211624145507812,5.113650923247346
4154145,0,193.09019470214844,-17.572755813598633,-0.02114795707166195,5.215331774844757
4154146,0,193.09085083007812,-17.44045066833496,-0.02115432731807232,5.313897890255075
4154147,0,193.09152221679688,-17.305742263793945,-0.021198997274041176,5.409652929829055
4154148,0,193.09217834472656,-17.1686954498291,-0.02126205340027809,5.50280843943647
4154149,0,193.0928497314453,-17.029369354248047,-0.021331634372472763,5.593708459649883
4154150,0,193.0935516357422,-16.8878173828125,-0.02140079438686371,5.682535770929145
4154151,0,193.09432983398438,-16.74408721923828,-0.02146533876657486,5.769571157678968
4154152,0,193.0951690673828,-16.598217010498047,-0.021523628383874893,5.854965220119615
4154153,0,193.0961151123047,-16.450246810913086,-0.021574705839157104,5.938913531799276
4154154,0,193.09719848632812,-16.30021095275879,-0.021618690341711044,6.021496034275747
4154155,0,193.098388671875,-16.14813804626465,-0.02165580727159977,6.1028521781123635
4154156,0,193.0996856689453,-15.994054794311523,-0.02168678306043148,6.1830906933301915
4154157,0,193.10108947753906,-15.83798885345459,-0.021712379530072212,6.262286401640235
4154158,0,193.10260009765625,-15.679965019226074,-0.021733015775680542,6.340496810802768
4154159,0,193.10421752929688,-15.520003318786621,-0.021749533712863922,6.417953196508275
4154160,0,193.10595703125,-15.358123779296875,-0.021762695163488388,6.494564650289503
4154161,0,193.1077880859375,-15.194344520568848,-0.02177276648581028,6.5704949198481435
4154162,0,193.10975646972656,-15.028679847717285,-0.021780280396342278,6.645762612294595
4154163,0,193.11187744140625,-14.861149787902832,-0.021785849705338478,6.72037414856175
4154164,0,193.1141357421875,-14.691765785217285,-0.021789588034152985,6.794441846533044
4154165,0,193.11651611328125,-14.52054500579834,-0.02179206721484661,6.867922589693936
4154166,0,193.11903381347656,-14.347498893737793,-0.021793212741613388,6.940939670842854
4154167,0,193.1217498779297,-14.172637939453125,-0.021793479099869728,7.01346649345228
4154168,0,193.12457275390625,-13.995973587036133,-0.021792983636260033,7.085539607731379
4154169,0,193.12753295898438,-13.817524909973145,-0.021791763603687286,7.156609580765925
4154170,0,193.13059997558594,-13.637393951416016,-0.021787909790873528,7.2219830728154015
4154171,0,193.13375854492188,-13.45586109161377,-0.021777229383587837,7.277130340711256
4154172,0,193.13706970214844,-13.272906303405762,-0.02176368609070778,7.334006165478042
4154173,0,193.1404571533203,-13.088546752929688,-0.021749228239059448,7.390164627504823
4154174,0,193.14401245117188,-12.902801513671875,-0.02173454314470291,7.4452030874970285
4154175,0,193.1476593017578,-12.715807914733887,-0.021717453375458717,7.492399955487302
4154176,0,193.15139770507812,-12.527935981750488,-0.02169261872768402,7.526203297651193
4154177,0,193.1552276611328,-12.33920669555664,-0.02166423760354519,7.55962068762705
4154178,0,193.15911865234375,-12.149736404418945,-0.02163345366716385,7.588453683472466
4154179,0,193.1630401611328,-11.9595947265625,-0.02160140872001648,7.614650732726592
4154180,0,193.16702270507812,-11.76885986328125,-0.021569136530160904,7.637751716533171
4154181,0,193.17100524902344,-11.577577590942383,-0.02153724618256092,7.659091182868494
4154182,0,193.17501831054688,-11.38590145111084,-0.021504173055291176,7.6717054112893495
4154183,0,193.1790313720703,-11.194355964660645,-0.02146068587899208,7.6604136234702285
4154184,0,193.18307495117188,-11.003596305847168,-0.02140064164996147,7.623136624292442
4154185,0,193.18711853027344,-10.814135551452637,-0.021324653178453445,7.569936284907255
4154186,0,193.19114685058594,-10.62575912475586,-0.02124957926571369,7.530353370564826
4154187,0,193.1951141357422,-10.43814754486084,-0.02118556946516037,7.500893210374447
4154188,0,193.1990203857422,-10.251212120056152,-0.021132927387952805,7.474418307872794
4154189,0,193.20285034179688,-10.064836502075195,-0.021091537550091743,7.452998172336836
4154190,0,193.20663452148438,-9.878860473632812,-0.021061744540929794,7.4381970566206315
4154191,0,193.2104034423828,-9.69313907623291,-0.021042823791503906,7.429064288201217
4154192,0,193.21414184570312,-9.50754451751709,-0.02103332430124283,7.424658939721344
4154193,0,193.21780395507812,-9.32199478149414,-0.02103099785745144,7.423482443471383
4154194,0,193.221435546875,-9.136409759521484,-0.021034087985754013,7.425363048187333
4154195,0,193.22499084472656,-8.950735092163086,-0.021041182801127434,7.429007757596802
4154196,0,193.22848510742188,-8.765009880065918,-0.02104896493256092,7.4301565739928295
4154197,0,193.2318878173828,-8.579299926757812,-0.02105533517897129,7.429190134930956
4154198,0,193.23521423339844,-8.393628120422363,-0.021060142666101456,7.427239666576689
4154199,0,193.23843383789062,-8.208052635192871,-0.021062582731246948,7.422908446299571
4154200,0,193.24159240722656,-8.022604942321777,-0.02106296457350254,7.417662408142683
4154201,0,193.24468994140625,-7.837303161621094,-0.021062050014734268,7.411320897501117
4154202,0,193.2477569580078,-7.652251243591309,-0.021058082580566406,7.400063461414904
4154203,0,193.2507781982422,-7.467590808868408,-0.021049804985523224,7.383003026820809
4154204,0,193.2537078857422,-7.283475399017334,-0.02103656716644764,7.359845113344708
4154205,0,193.256591796875,-7.100034236907959,-0.021018637344241142,7.3319752292902125
4154206,0,193.25941467285156,-6.9173736572265625,-0.02099689468741417,7.298504467844164
4154207,0,193.2621307373047,-6.735789775848389,-0.020968513563275337,7.255421316635223
4154208,0,193.26480102539062,-6.555167198181152,-0.020940512418746948,7.216800636761912
4154209,0,193.2674102783203,-6.375591278076172,-0.020912475883960724,7.17253413115185
4154210,0,193.2699737548828,-6.19734001159668,-0.02088020369410515,7.119862120385072
4154211,0,193.27247619628906,-6.020256996154785,-0.020850790664553642,7.0734429022188845
4154212,0,193.27493286132812,-5.8442864418029785,-0.020825881510972977,7.0296349582126165
4154213,0,193.27735900878906,-5.669317722320557,-0.020806998014450073,6.9905742309896555
4154214,0,193.27972412109375,-5.4952287673950195,-0.02079486846923828,6.9564186097408145
4154215,0,193.2820281982422,-5.321855545043945,-0.020790481939911842,6.92952288408866
4154216,0,193.28427124023438,-5.148965835571289,-0.02079521119594574,6.912387243594664
4154217,0,193.28648376464844,-4.976278305053711,-0.020810509100556374,6.906956995103206
4154218,0,193.2886505126953,-4.803524494171143,-0.020836029201745987,6.9113882866622545
4154219,0,193.290771484375,-4.630586624145508,-0.02086757682263851,6.918889955965539
4154220,0,193.29286193847656,-4.457493305206299,-0.020900191739201546,6.924564392880137
4154221,0,193.29493713378906,-4.284262180328369,-0.0209309384226799,6.9299641192960175
4154222,0,193.2969512939453,-4.110970497131348,-0.020957451313734055,6.931493560694216
4154223,0,193.29896545410156,-3.9376628398895264,-0.0209794994443655,6.932366896186511
4154224,0,193.30093383789062,-3.7642855644226074,-0.020998992025852203,6.936139546640419
4154225,0,193.3029022216797,-3.5907070636749268,-0.02101905830204487,6.9458752846797065
4154226,0,193.3048858642578,-3.4171483516693115,-0.02103305794298649,6.941900206853326
4154227,0,193.3068389892578,-3.2436583042144775,-0.021042518317699432,6.939082472901088
4154228,0,193.3087615966797,-3.070237874984741,-0.021048927679657936,6.936355401801493
4154229,0,193.31068420410156,-2.8968870639801025,-0.021053314208984375,6.933640873293401
4154230,0,193.31253051757812,-2.723604440689087,-0.02105659432709217,6.930929148229847
4154231,0,193.31434631347656,-2.550389289855957,-0.02105899713933468,6.928230464187045
4154232,0,193.3161163330078,-2.377241849899292,-0.021061019971966743,6.925529075444292
4154233,0,193.31781005859375,-2.2041618824005127,-0.021062355488538742,6.9228211269500255
4154234,0,193.31948852539062,-2.031148910522461,-0.021063651889562607,6.920121897748665
4154235,0,193.3211212158203,-1.858203411102295,-0.021064605563879013,6.917421194418967
4154236,0,193.3227081298828,-1.6853251457214355,-0.021065330132842064,6.914717986359372
4154237,0,193.32427978515625,-1.5125144720077515,-0.02106594108045101,6.9120157734756384
4154238,0,193.32582092285156,-1.339771032333374,-0.021066512912511826,6.909318291090087
4154239,0,193.3273468017578,-1.1670951843261719,-0.02106700837612152,6.906617756221943
4154240,0,193.32888793945312,-0.9944869875907898,-0.021067427471280098,6.9039091986764625
4154241,0,193.33038330078125,-0.8219462633132935,-0.021067772060632706,6.901206473635305
4154242,0,193.3319091796875,-0.6494730710983276,-0.021068114787340164,6.8985087068017705
4154243,0,193.33343505859375,-0.4770679473876953,-0.021068191155791283,6.895789864692918
4154244,0,193.33502197265625,-0.304730623960495,-0.021068457514047623,6.893094445199962
4154245,0,193.33663940429688,-0.13246120512485504,-0.021068686619400978,6.890394591231433
4154246,0,193.3383026123047,0.0400841124355793,-0.021077308803796768,6.91467964464909
4154247,0,193.3400421142578,0.2138672173023224,-0.02110855095088482,6.962587427071787
4154248,0,193.3418731689453,0.3888627588748932,-0.02114986442029476,7.011103956996797
4154249,0,193.34381103515625,0.5651022791862488,-0.02119464799761772,7.0611654703756175
4154250,0,193.3458709716797,0.7426173090934753,-0.021239470690488815,7.112557632795991
4154251,0,193.3480987548828,0.9214344620704651,-0.021282462403178215,7.16502595674147
4154252,0,193.35047912597656,1.1015782356262207,-0.021322669461369514,7.218495576983863
4154253,0,193.35299682617188,1.2830692529678345,-0.021359557285904884,7.272750706203554
4154254,0,193.35569763183594,1.4659260511398315,-0.02139316499233246,7.327764366309701
4154255,0,193.35855102539062,1.6501647233963013,-0.02142333984375,7.383379048211262
4154256,0,193.36160278320312,1.8357985019683838,-0.02145053818821907,7.439523170470334
4154257,0,193.36480712890625,2.0228395462036133,-0.02147476188838482,7.496135618518245
4154258,0,193.36822509765625,2.2112982273101807,-0.02149658091366291,7.553151740669451
4154259,0,193.37181091308594,2.4011833667755127,-0.02151588350534439,7.610480049803395
4154260,0,193.3755645751953,2.5925018787384033,-0.021532859653234482,7.668059591796722
4154261,0,193.37950134277344,2.7852580547332764,-0.0215481948107481,7.725835859732025
4154262,0,193.3836212158203,2.9794578552246094,-0.02156146988272667,7.783781374410121
4154263,0,193.38792419433594,3.1751017570495605,-0.021573256701231003,7.841781271958697
4154264,0,193.39236450195312,3.372194766998291,-0.021583709865808487,7.899914324140581
4154265,0,193.3968963623047,3.570734739303589,-0.021592672914266586,7.957761195114146
4154266,0,193.40150451660156,3.770695686340332,-0.021599922329187393,8.014511750689186
4154267,0,193.40614318847656,3.9720754623413086,-0.02160564437508583,8.071371883091862
4154268,0,193.4108428955078,4.1748785972595215,-0.021610412746667862,8.12840532743354
4154269,0,193.41549682617188,4.379110336303711,-0.021614722907543182,8.185572527032882
4154270,0,193.4202117919922,4.584772109985352,-0.021618537604808807,8.242829938340797
4154271,0,193.42491149902344,4.791866779327393,-0.02162178047001362,8.300132295943223
4154272,0,193.4296112060547,5.000394344329834,-0.021624678745865822,8.357500460276615
4154273,0,193.43429565429688,5.210356712341309,-0.021627197042107582,8.414868484301515
4154274,0,193.43893432617188,5.421754837036133,-0.021629447117447853,8.472250886495942
4154275,0,193.44357299804688,5.634587287902832,-0.021631507202982903,8.529587198135511
4154276,0,193.4481201171875,5.848855018615723,-0.021633071824908257,8.586919310687689
4154277,0,193.45260620117188,6.064555644989014,-0.02163463458418846,8.644202541222079
4154278,0,193.45704650878906,6.281689167022705,-0.02163570374250412,8.701424147544815
4154279,0,193.46144104003906,6.500248432159424,-0.02163669466972351,8.758197649232313
4154280,0,193.4657745361328,6.720193862915039,-0.021636581048369408,8.81305112402591
4154281,0,193.47003173828125,6.94146203994751,-0.021634597331285477,8.865438753369663
4154282,0,193.47425842285156,7.164012432098389,-0.02163078263401985,8.916314939354224
4154283,0,193.47837829589844,7.387798309326172,-0.021625326946377754,8.965215391904337
4154284,0,193.48243713378906,7.612758159637451,-0.021618003025650978,9.011536176670399
4154285,0,193.48646545410156,7.838829040527344,-0.02160877175629139,9.055382421189012
4154286,0,193.4904022216797,8.06595230102539,-0.02159782312810421,9.096974623468203
4154287,0,193.49427795410156,8.29410171508789,-0.021585959941148758,9.137783574819426
4154288,0,193.49807739257812,8.523248672485352,-0.021573791280388832,9.177330500991465
4154289,0,193.5017852783203,8.753364562988281,-0.021561583504080772,9.215706116607432
4154290,0,193.5054473876953,8.984405517578125,-0.021549072116613388,9.252239097549674
4154291,0,193.50901794433594,9.216320991516113,-0.021535834297537804,9.286433765303103
4154292,0,193.51251220703125,9.449020385742188,-0.021521300077438354,9.316877571480704
4154293,0,193.5159149169922,9.682406425476074,-0.021504631265997887,9.34330605974029
4154294,0,193.51925659179688,9.916372299194336,-0.02148544229567051,9.365274936436117
4154295,0,193.52249145507812,10.150763511657715,-0.02146293595433235,9.380799064673868
4154296,0,193.52569580078125,10.385372161865234,-0.021435242146253586,9.385812272976706
4154297,0,193.52882385253906,10.619590759277344,-0.021393470466136932,9.363733029326227
4154298,0,193.53187561035156,10.852876663208008,-0.021335486322641373,9.32566923720685
4154299,0,193.53482055664062,11.085579872131348,-0.02128009684383869,9.30645055386055
4154300,0,193.53761291503906,11.317875862121582,-0.021232489496469498,9.289937282834563
4154301,0,193.5402374267578,11.549774169921875,-0.021191710606217384,9.273776485007218
4154302,0,193.5426483154297,11.781262397766113,-0.021156806498765945,9.256780581330522
4154303,0,193.5448760986328,12.01229190826416,-0.02112560160458088,9.237760498911815
4154304,0,193.54693603515625,12.242813110351562,-0.02109706774353981,9.216763706353762
4154305,0,193.54879760742188,12.472780227661133,-0.021070899441838264,9.194078124319628
4154306,0,193.55052185058594,12.70215892791748,-0.021046333014965057,9.170212026471917
4154307,0,193.5520477294922,12.930962562561035,-0.02102455124258995,9.147391997334994
4154308,0,193.55335998535156,13.159225463867188,-0.021006088703870773,9.125911309690778
4154309,0,193.554443359375,13.386971473693848,-0.020990829914808273,9.105298003840801
4154310,0,193.55528259277344,13.614235877990723,-0.020978927612304688,9.086487586255
4154311,0,193.55589294433594,13.841092109680176,-0.020971069112420082,9.070598645294387
4154312,0,193.55625915527344,14.067557334899902,-0.02096603438258171,9.054679124623332
4154313,0,193.5564422607422,14.293588638305664,-0.020961914211511612,9.036656349091352
4154314,0,193.5564422607422,14.519108772277832,-0.020956648513674736,9.015617399261203
4154315,0,193.5563201904297,14.744071960449219,-0.020950354635715485,8.993044131211231
4154316,0,193.5560760498047,14.968484878540039,-0.02094394713640213,8.971467555342603
4154317,0,193.5557403564453,15.192418098449707,-0.02093944512307644,8.953195287938499
4154318,0,193.55528259277344,15.415977478027344,-0.020938415080308914,8.939253421851383
4154319,0,193.55471801757812,15.639265060424805,-0.02094123885035515,8.929099804173024
4154320,0,193.5540008544922,15.862358093261719,-0.020947646349668503,8.921825696485902
4154321,0,193.5531005859375,16.085308074951172,-0.02095668762922287,8.916678902515006
4154322,0,193.55197143554688,16.30818748474121,-0.02096809260547161,8.91461727196796
4154323,0,193.55056762695312,16.531064987182617,-0.020981596782803535,8.915043327310856
4154324,0,193.548828125,16.753997802734375,-0.020996512845158577,8.917882706053348
4154325,0,193.5467071533203,16.977027893066406,-0.021012382581830025,8.922133669498768
4154326,0,193.5442657470703,17.200162887573242,-0.021027984097599983,8.926246165712762
4154327,0,193.5414581298828,17.423328399658203,-0.02104095369577408,8.926888502308442
4154328,0,193.53829956054688,17.646482467651367,-0.021050911396741867,8.926531689723456
4154329,0,193.53475952148438,17.869611740112305,-0.021058691665530205,8.925982345209084
4154330,0,193.53089904785156,18.092744827270508,-0.02106529101729393,8.926466237858978
4154331,0,193.52671813964844,18.31585693359375,-0.021070556715130806,8.925532742384163
4154332,0,193.52224731445312,18.53891944885254,-0.021074026823043823,8.923696483481695
4154333,0,193.51754760742188,18.76194190979004,-0.021076584234833717,8.922376293499429
4154334,0,193.51271057128906,18.98491668701172,-0.02107841521501541,8.92056686001937
4154335,0,193.50770568847656,19.20784568786621,-0.021079711616039276,8.91896474806985
4154336,0,193.5026092529297,19.43074607849121,-0.02108108438551426,8.918231286573622
4154337,0,193.4974365234375,19.653663635253906,-0.021083449944853783,8.91957594270982
4154338,0,193.4921875,19.876659393310547,-0.021087417379021645,8.923145762703578
4154339,0,193.48684692382812,20.099781036376953,-0.021092873066663742,8.928738190591716
4154340,0,193.48147583007812,20.323076248168945,-0.02110004425048828,8.936087766447146
4154341,0,193.47604370117188,20.54656982421875,-0.02110801637172699,8.944213146023
4154342,0,193.47059631347656,20.770280838012695,-0.02111644670367241,8.953159290912588
4154343,0,193.4651336669922,20.994237899780273,-0.021125297993421555,8.963276947769875
4154344,0,193.45970153808594,21.218469619750977,-0.021134337410330772,8.974445144833494
4154345,0,193.4542999267578,21.442996978759766,-0.021143492311239243,8.986602764403779
4154346,0,193.4490203857422,21.667856216430664,-0.021152954548597336,8.999900153979663
4154347,0,193.44387817382812,21.893070220947266,-0.021162565797567368,9.014301575462946
4154348,0,193.43896484375,22.118663787841797,-0.021171988919377327,9.029047461349299
4154349,0,193.43431091308594,22.344608306884766,-0.021180305629968643,9.042734409269295
4154350,0,193.42991638183594,22.570890426635742,-0.02118728682398796,9.055911277069775
4154351,0,193.42579650878906,22.79749870300293,-0.0211930088698864,9.068938633105315
4154352,0,193.42189025878906,23.02443504333496,-0.021197624504566193,9.081672519699056
4154353,0,193.418212890625,23.25166893005371,-0.02120101824402809,9.093442544276153
4154354,0,193.41470336914062,23.479188919067383,-0.02120307832956314,9.104590115666326
4154355,0,193.4113311767578,23.70699691772461,-0.021204566583037376,9.116036905486453
4154356,0,193.40806579589844,23.935087203979492,-0.021205710247159004,9.12741202664366
4154357,0,193.40481567382812,24.163455963134766,-0.021206244826316833,9.138241280710274
4154358,0,193.40159606933594,24.392072677612305,-0.021205902099609375,9.147911232423281
4154359,0,193.3983612060547,24.62087631225586,-0.021203726530075073,9.154695986744038
4154360,0,193.39511108398438,24.849796295166016,-0.02119930274784565,9.158510946041181
4154361,0,193.391845703125,25.078725814819336,-0.0211916733533144,9.157939939161578
4154362,0,193.3885498046875,25.307584762573242,-0.021181143820285797,9.154795489351784
4154363,0,193.38525390625,25.53632926940918,-0.021168898791074753,9.149842658877672
4154364,0,193.38197326660156,25.76481056213379,-0.021152762696146965,9.135600277352554
4154365,0,193.3787078857422,25.992616653442383,-0.02112731896340847,9.108640363404593
4154366,0,193.37550354003906,26.219919204711914,-0.02110191248357296,9.088777003104676
4154367,0,193.372314453125,26.446727752685547,-0.02107822336256504,9.069143336351669
4154368,0,193.3692169189453,26.6730899810791,-0.021057814359664917,9.051860878815434
4154369,0,193.36618041992188,26.89906883239746,-0.021041449159383774,9.037064154087686
4154370,0,193.36325073242188,27.1247501373291,-0.021030081436038017,9.025741142680411
4154371,0,193.36044311523438,27.350221633911133,-0.021023711189627647,9.017995264312098
4154372,0,193.35772705078125,27.5755558013916,-0.021021956577897072,9.013015742546225
4154373,0,193.35511779785156,27.80081558227539,-0.02102375030517578,9.010332228782145
4154374,0,193.3526153564453,28.026052474975586,-0.021028708666563034,9.009750282588291
4154375,0,193.35020446777344,28.25128936767578,-0.02103542350232601,9.009944738769418
4154376,0,193.3479766845703,28.476547241210938,-0.021043013781309128,9.010789635103892
4154377,0,193.34593200683594,28.701847076416016,-0.021051254123449326,9.01258830777194
4154378,0,193.3441925048828,28.92720603942871,-0.021059418097138405,9.014649302961994
4154379,0,193.3427734375,29.152570724487305,-0.02106628380715847,9.01403177938461
4154380,0,193.3417205810547,29.377777099609375,-0.021068038418889046,9.004419693562747
4154381,0,193.3409881591797,29.602272033691406,-0.021055564284324646,8.969946143081117
4154382,0,193.340576171875,29.825565338134766,-0.021026305854320526,8.921895984636423
4154383,0,193.34042358398438,30.048070907592773,-0.020998992025852203,8.895097435231495
4154384,0,193.3404998779297,30.270004272460938,-0.020978432148694992,8.872558225172229
4154385,0,193.3407440185547,30.49144172668457,-0.020964164286851883,8.853337501666983
4154386,0,193.34109497070312,30.712465286254883,-0.020955771207809448,8.837518856572597
4154387,0,193.34146118164062,30.933183670043945,-0.020953139290213585,8.826301177794434
4154388,0,193.34181213378906,31.153705596923828,-0.020955923944711685,8.819341008970241
4154389,0,193.342041015625,31.374120712280273,-0.02096332423388958,8.815404346985689
4154390,0,193.3420867919922,31.59445571899414,-0.02097328193485737,8.812355576878636
4154391,0,193.34188842773438,31.81475067138672,-0.0209849551320076,8.811102484205954
4154392,0,193.34140014648438,32.03498840332031,-0.02099643647670746,8.808368254863842
4154393,0,193.3406524658203,32.25508117675781,-0.02100505866110325,8.801495595262887
4154394,0,193.33958435058594,32.47489547729492,-0.021008796989917755,8.787626721318846
4154395,0,193.33819580078125,32.69406509399414,-0.02100273035466671,8.762423998611416
4154396,0,193.33651733398438,32.91279220581055,-0.020995672792196274,8.745096787985739
4154397,0,193.33460998535156,33.13109588623047,-0.020989036187529564,8.728792466628024
4154398,0,193.33251953125,33.349056243896484,-0.02098487876355648,8.716021925434358
4154399,0,193.33029174804688,33.56678771972656,-0.020984267815947533,8.70785865620149
4154400,0,193.32798767089844,33.784366607666016,-0.02098747156560421,8.702366855537905
4154401,0,193.32557678222656,34.001888275146484,-0.02099437639117241,8.701252023710474
4154402,0,193.32310485839844,34.2194709777832,-0.02100532501935959,8.704624702644633
4154403,0,193.320556640625,34.437217712402344,-0.021019896492362022,8.712249761536228
4154404,0,193.31797790527344,34.65522003173828,-0.021037520840764046,8.722887513013907
4154405,0,193.3153533935547,34.87350845336914,-0.021056251600384712,8.734628526172413
4154406,0,193.31260681152344,35.09213638305664,-0.021075744181871414,8.748717351856051
4154407,0,193.30984497070312,35.3111457824707,-0.021095504984259605,8.764441341692295
4154408,0,193.30702209472656,35.530582427978516,-0.02111511118710041,8.782099728185527
4154409,0,193.30413818359375,35.7504997253418,-0.021134795621037483,8.801862793628683
4154410,0,193.30120849609375,35.970943450927734,-0.021154403686523438,8.82324873844973
4154411,0,193.2982940673828,36.19194030761719,-0.021173324435949326,8.845710052569817
4154412,0,193.29537963867188,36.41349411010742,-0.021190986037254333,8.867853471399744
4154413,0,193.29251098632812,36.63557434082031,-0.02120620757341385,8.888457411697118
4154414,0,193.28965759277344,36.85812759399414,-0.021218223497271538,8.906902896572985
4154415,0,193.28689575195312,37.08110046386719,-0.021226806566119194,8.923297620202437
4154416,0,193.2841796875,37.3044319152832,-0.021231727674603462,8.937076214167567
4154417,0,193.28152465820312,37.528099060058594,-0.021234167739748955,8.950694865438388
4154418,0,193.2788848876953,37.75210952758789,-0.021235274150967598,8.964529076063515
4154419,0,193.2763214111328,37.976470947265625,-0.021235695108771324,8.978488202841277
4154420,0,193.2737579345703,38.201202392578125,-0.021236266940832138,8.993636123308576
4154421,0,193.2711639404297,38.426307678222656,-0.021236838772892952,9.008440370778915
4154422,0,193.26849365234375,38.65176010131836,-0.021237028762698174,9.022004800920591
4154423,0,193.26571655273438,38.877525329589844,-0.02123619057238102,9.034486777620197
4154424,0,193.26278686523438,39.10358428955078,-0.02123432047665119,9.045802622316923
4154425,0,193.2597198486328,39.32991027832031,-0.021231459453701973,9.056443118863978
4154426,0,193.25650024414062,39.55645751953125,-0.02122756838798523,9.065023950732183
4154427,0,193.2531280517578,39.78317642211914,-0.021222038194537163,9.07135223422868
4154428,0,193.24957275390625,40.01003646850586,-0.02121555246412754,9.077090806791656
4154429,0,193.245849609375,40.237022399902344,-0.021208342164754868,9.081845970978057
4154430,0,193.24200439453125,40.4640998840332,-0.021200675517320633,9.085491262863663
4154431,0,193.238037109375,40.69123840332031,-0.02119247429072857,9.087781507834316
4154432,0,193.2339630126953,40.91841125488281,-0.021183662116527557,9.088765716717806
4154433,0,193.2297821044922,41.145599365234375,-0.02117496356368065,9.089423667572067
4154434,0,193.2254638671875,41.37278366088867,-0.02116619050502777,9.089242317886614
4154435,0,193.22105407714844,41.5999641418457,-0.021158065646886826,9.089393649135944
4154436,0,193.216552734375,41.827152252197266,-0.021150702610611916,9.0892628228938
4154437,0,193.21200561523438,42.05428695678711,-0.021143073216080666,9.086723771989229
4154438,0,193.20738220214844,42.281307220458984,-0.021134300157427788,9.081562464262387
4154439,0,193.20272827148438,42.5081672668457,-0.021124381572008133,9.074765187232202
4154440,0,193.19805908203125,42.73484420776367,-0.021114196628332138,9.06753226555166
4154441,0,193.19337463378906,42.96136474609375,-0.021104926243424416,9.061996524273559
4154442,0,193.18870544433594,43.18778610229492,-0.021097715944051743,9.057953275094455
4154443,0,193.18409729003906,43.41411209106445,-0.021092146635055542,9.05373638391266
4154444,0,193.17958068847656,43.64031219482422,-0.02108718827366829,9.04862553473003
4154445,0,193.1751708984375,43.86638641357422,-0.02108260989189148,9.043465834244234
4154446,0,193.17092895507812,44.09231948852539,-0.021078262478113174,9.037392213946761
